customer location distance
1 2 116.49892703368559
2 1 116.49892703368559
1 3 113.45483682946268
3 1 113.45483682946268
1 4 48.46648326421054
4 1 48.46648326421054
1 5 73.97972695272672
5 1 73.97972695272672
1 6 46.238512086787566
6 1 46.238512086787566
1 7 82.34682750416071
7 1 82.34682750416071
1 8 71.449282711585
8 1 71.449282711585
1 9 96.42095207992918
9 1 96.42095207992918
1 10 58.05170109479997
10 1 58.05170109479997
1 11 70.178344238091
11 1 70.178344238091
1 12 102.95630140987001
12 1 102.95630140987001
1 13 57.723478758647246
13 1 57.723478758647246
1 14 57.3149195236284
14 1 57.3149195236284
1 15 61.587336360651285
15 1 61.587336360651285
1 16 45.880278987817846
16 1 45.880278987817846
1 17 94.37160589923221
17 1 94.37160589923221
1 18 22.20360331117452
18 1 22.20360331117452
1 19 19.6468827043885
19 1 19.6468827043885
1 20 84.38009243891595
20 1 84.38009243891595
1 21 68.4470598345904
21 1 68.4470598345904
1 22 13.601470508735444
22 1 13.601470508735444
1 23 9.486832980505138
23 1 9.486832980505138
1 24 20.518284528683193
24 1 20.518284528683193
1 25 70.68238818828917
25 1 70.68238818828917
1 26 116.40017182117903
26 1 116.40017182117903
1 27 87.72684879784524
27 1 87.72684879784524
1 28 99.62429422585637
28 1 99.62429422585637
1 29 64.07027391856539
29 1 64.07027391856539
1 30 86.64871608973787
30 1 86.64871608973787
1 31 1.0
31 1 1.0
1 32 98.49365461794989
32 1 98.49365461794989
1 33 55.60575509783138
33 1 55.60575509783138
1 34 30.4138126514911
34 1 30.4138126514911
1 35 82.46211251235322
35 1 82.46211251235322
1 36 94.57801012920498
36 1 94.57801012920498
1 37 94.93682109698007
37 1 94.93682109698007
1 38 106.5269918846862
38 1 106.5269918846862
1 39 81.27115109311545
39 1 81.27115109311545
1 40 100.44899203078147
40 1 100.44899203078147
1 41 112.48555462813881
41 1 112.48555462813881
1 42 107.78682665335315
42 1 107.78682665335315
1 43 99.90495483208028
43 1 99.90495483208028
1 44 59.90826320300064
44 1 59.90826320300064
1 45 92.91393867445294
45 1 92.91393867445294
1 46 39.45883931389772
46 1 39.45883931389772
1 47 93.23625904121208
47 1 93.23625904121208
1 48 57.87054518492115
48 1 57.87054518492115
1 49 100.56838469419701
49 1 100.56838469419701
1 50 98.3107318658548
50 1 98.3107318658548
1 51 67.446274915669
51 1 67.446274915669
1 52 92.69843580125827
52 1 92.69843580125827
1 53 75.05997601918082
53 1 75.05997601918082
1 54 126.90547663517127
54 1 126.90547663517127
1 55 92.17917335276988
55 1 92.17917335276988
1 56 74.67261881037788
56 1 74.67261881037788
1 57 40.162171256046406
57 1 40.162171256046406
1 58 46.87216658103186
58 1 46.87216658103186
1 59 124.45882853377658
59 1 124.45882853377658
1 60 68.01470429252781
60 1 68.01470429252781
1 61 96.60745312862771
61 1 96.60745312862771
1 62 58.872744118140105
62 1 58.872744118140105
1 63 43.56604182158393
63 1 43.56604182158393
1 64 61.61168720299745
64 1 61.61168720299745
1 65 16.1245154965971
65 1 16.1245154965971
1 66 56.79788728465171
66 1 56.79788728465171
1 67 27.459060435491963
67 1 27.459060435491963
1 68 70.26378868236469
68 1 70.26378868236469
1 69 100.31948963187563
69 1 100.31948963187563
1 70 116.82465493208187
70 1 116.82465493208187
1 71 68.06614430096654
71 1 68.06614430096654
1 72 77.23341245859851
72 1 77.23341245859851
1 73 101.55294185792945
73 1 101.55294185792945
1 74 86.37708029332781
74 1 86.37708029332781
1 75 89.80534505250787
75 1 89.80534505250787
1 76 77.46612162745726
76 1 77.46612162745726
1 77 104.01922899156675
77 1 104.01922899156675
1 78 26.40075756488817
78 1 26.40075756488817
1 79 27.65863337187866
79 1 27.65863337187866
1 80 70.83784299369935
80 1 70.83784299369935
1 81 97.65244492586962
81 1 97.65244492586962
1 82 110.3177229641729
82 1 110.3177229641729
1 83 76.6550715869472
83 1 76.6550715869472
1 84 68.0
84 1 68.0
1 85 91.54780172128658
85 1 91.54780172128658
1 86 82.63776376451628
86 1 82.63776376451628
1 87 31.906112267087632
87 1 31.906112267087632
1 88 63.00793600809346
88 1 63.00793600809346
1 89 91.0494371207203
89 1 91.0494371207203
1 90 4.47213595499958
90 1 4.47213595499958
1 91 41.43669871020132
91 1 41.43669871020132
1 92 67.7421582177598
92 1 67.7421582177598
1 93 108.70602559196064
93 1 108.70602559196064
1 94 67.60177512462228
94 1 67.60177512462228
1 95 59.405386961116584
95 1 59.405386961116584
1 96 22.20360331117452
96 1 22.20360331117452
1 97 41.048751503547585
97 1 41.048751503547585
1 98 90.7358804442873
98 1 90.7358804442873
1 99 31.064449134018133
99 1 31.064449134018133
1 100 86.68333173107735
100 1 86.68333173107735
2 3 12.806248474865697
3 2 12.806248474865697
2 4 80.77747210701756
4 2 80.77747210701756
2 5 84.29116205154607
5 2 84.29116205154607
2 6 82.28000972289685
6 2 82.28000972289685
2 7 38.27531841800928
7 2 38.27531841800928
2 8 47.16990566028302
8 2 47.16990566028302
2 9 57.0
9 2 57.0
2 10 61.465437442517235
10 2 61.465437442517235
2 11 58.42088667591412
11 2 58.42088667591412
2 12 60.8276253029822
12 2 60.8276253029822
2 13 82.60750571225353
13 2 82.60750571225353
2 14 60.37383539249432
14 2 60.37383539249432
2 15 64.53681120105021
15 2 64.53681120105021
2 16 83.24061508662703
16 2 83.24061508662703
2 17 41.30375285612676
17 2 41.30375285612676
2 18 97.18538984847466
18 2 97.18538984847466
2 19 102.42070103255493
19 2 102.42070103255493
2 20 59.22837157984339
20 2 59.22837157984339
2 21 50.24937810560445
21 2 50.24937810560445
2 22 103.60019305001319
22 2 103.60019305001319
2 23 107.41508273980894
23 2 107.41508273980894
2 24 96.25487000666512
24 2 96.25487000666512
2 25 66.03029607687671
25 2 66.03029607687671
2 26 37.48332962798263
26 2 37.48332962798263
2 27 36.05551275463989
27 2 36.05551275463989
2 28 17.0
28 2 17.0
2 29 52.43090691567332
29 2 52.43090691567332
2 30 69.85699678629192
30 2 69.85699678629192
2 31 115.93532679903913
31 2 115.93532679903913
2 32 22.02271554554524
32 2 22.02271554554524
2 33 61.05735008989499
33 2 61.05735008989499
2 34 86.95401083331349
34 2 86.95401083331349
2 35 48.703182647543684
35 2 48.703182647543684
2 36 34.713109915419565
36 2 34.713109915419565
2 37 29.410882339705484
37 2 29.410882339705484
2 38 14.142135623730951
38 2 14.142135623730951
2 39 35.22782990761707
39 2 35.22782990761707
2 40 23.194827009486403
40 2 23.194827009486403
2 41 24.839484696748443
41 2 24.839484696748443
2 42 19.026297590440446
42 2 19.026297590440446
2 43 31.32091952673165
43 2 31.32091952673165
2 44 56.61271941887264
44 2 56.61271941887264
2 45 23.600847442411894
45 2 23.600847442411894
2 46 82.75868534480233
46 2 82.75868534480233
2 47 38.63935817272331
47 2 38.63935817272331
2 48 86.46964785403026
48 2 86.46964785403026
2 49 33.015148038438355
49 2 33.015148038438355
2 50 28.442925306655784
50 2 28.442925306655784
2 51 57.14017850864661
51 2 57.14017850864661
2 52 33.06055050963308
52 2 33.06055050963308
2 53 72.12489168102785
53 2 72.12489168102785
2 54 17.0
54 2 17.0
2 55 75.58438992278762
55 2 75.58438992278762
2 56 60.166435825965294
56 2 60.166435825965294
2 57 87.5956619930462
57 2 87.5956619930462
2 58 75.02666192761077
58 2 75.02666192761077
2 59 24.698178070456937
59 2 24.698178070456937
2 60 49.658836071740545
60 2 49.658836071740545
2 61 25.632011235952593
61 2 25.632011235952593
2 62 60.876925020897694
62 2 60.876925020897694
2 63 73.00684899377592
63 2 73.00684899377592
2 64 82.21921916437786
64 2 82.21921916437786
2 65 102.2154587134451
65 2 102.2154587134451
2 66 60.876925020897694
66 2 60.876925020897694
2 67 89.05054744357274
67 2 89.05054744357274
2 68 67.02984409947557
68 2 67.02984409947557
2 69 26.30589287593181
69 2 26.30589287593181
2 70 7.211102550927978
70 2 7.211102550927978
2 71 84.00595217006948
71 2 84.00595217006948
2 72 90.6697303403953
72 2 90.6697303403953
2 73 59.033888572581766
73 2 59.033888572581766
2 74 39.0
74 2 39.0
2 75 32.14031735997639
75 2 32.14031735997639
2 76 54.78138369920935
76 2 54.78138369920935
2 77 35.77708763999664
77 2 35.77708763999664
2 78 90.60353193998566
78 2 90.60353193998566
2 79 89.04493247793498
79 2 89.04493247793498
2 80 73.00684899377592
80 2 73.00684899377592
2 81 18.867962264113206
81 2 18.867962264113206
2 82 20.248456731316587
82 2 20.248456731316587
2 83 76.4198926981712
83 2 76.4198926981712
2 84 96.02083107326243
84 2 96.02083107326243
2 85 33.83784863137726
85 2 33.83784863137726
2 86 40.70626487409524
86 2 40.70626487409524
2 87 88.10221336606703
87 2 88.10221336606703
2 88 95.04735661763561
88 2 95.04735661763561
2 89 96.30160954002794
89 2 96.30160954002794
2 90 112.0714058089752
90 2 112.0714058089752
2 91 77.15568676384133
91 2 77.15568676384133
2 92 86.00581375697809
92 2 86.00581375697809
2 93 32.449961479175904
93 2 32.449961479175904
2 94 49.57822102496216
94 2 49.57822102496216
2 95 57.14017850864661
95 2 57.14017850864661
2 96 95.88013350011565
96 2 95.88013350011565
2 97 75.45197147855052
97 2 75.45197147855052
2 98 26.1725046566048
98 2 26.1725046566048
2 99 85.44588931013593
99 2 85.44588931013593
2 100 43.01162633521314
100 2 43.01162633521314
3 4 73.92563831310488
4 3 73.92563831310488
3 5 74.00675644831355
5 3 74.00675644831355
3 6 75.64390259630977
6 3 75.64390259630977
3 7 41.48493702538308
7 3 41.48493702538308
3 8 42.20189569201838
8 3 42.20189569201838
3 9 65.76473218982953
9 3 65.76473218982953
3 10 56.302753041036986
10 3 56.302753041036986
3 11 50.28916384272063
11 3 50.28916384272063
3 12 48.33218389437829
12 3 48.33218389437829
3 13 74.21590126111789
13 3 74.21590126111789
3 14 56.22277118748239
14 3 56.22277118748239
3 15 57.38466694161429
15 3 57.38466694161429
3 16 76.55716818169282
16 3 76.55716818169282
3 17 49.25444142409901
17 3 49.25444142409901
3 18 95.58765610684259
18 3 95.58765610684259
3 19 97.9081201943945
19 3 97.9081201943945
3 20 66.03029607687671
20 3 66.03029607687671
3 21 51.0
21 3 51.0
3 22 101.13851887386922
22 3 101.13851887386922
3 23 104.7377677822093
23 3 104.7377677822093
3 24 92.9569792968769
24 3 92.9569792968769
3 25 56.88585061331157
25 3 56.88585061331157
3 26 24.839484696748443
26 3 24.839484696748443
3 27 27.85677655436824
27 3 27.85677655436824
3 28 16.76305461424021
28 3 16.76305461424021
3 29 50.32891812864648
29 3 50.32891812864648
3 30 58.54912467321779
30 3 58.54912467321779
3 31 112.80514172678478
31 3 112.80514172678478
3 32 15.0
32 3 15.0
3 33 58.0
33 3 58.0
3 34 83.24061508662703
34 3 83.24061508662703
3 35 54.3323108288245
35 3 54.3323108288245
3 36 42.1070065428546
36 3 42.1070065428546
3 37 36.013886210738214
37 3 36.013886210738214
3 38 7.211102550927978
38 3 7.211102550927978
3 39 33.83784863137726
39 3 33.83784863137726
3 40 13.92838827718412
40 3 13.92838827718412
3 41 12.041594578792296
41 3 12.041594578792296
3 42 29.154759474226502
42 3 29.154759474226502
3 43 20.024984394500787
43 3 20.024984394500787
3 44 54.56189146281496
44 3 54.56189146281496
3 45 23.769728648009426
45 3 23.769728648009426
3 46 82.66196223173026
46 3 82.66196223173026
3 47 28.0178514522438
47 3 28.0178514522438
3 48 77.87810988975015
48 3 77.87810988975015
3 49 41.97618372363071
49 3 41.97618372363071
3 50 18.24828759089466
50 3 18.24828759089466
3 51 59.80802621722272
51 3 59.80802621722272
3 52 23.769728648009426
52 3 23.769728648009426
3 53 77.78174593052023
53 3 77.78174593052023
3 54 13.45362404707371
54 3 13.45362404707371
3 55 63.788713735268246
55 3 63.788713735268246
3 56 65.11528238439882
56 3 65.11528238439882
3 57 81.39410298049853
57 3 81.39410298049853
3 58 69.46221994724903
58 3 69.46221994724903
3 59 15.033296378372908
59 3 15.033296378372908
3 60 45.45327270945405
60 3 45.45327270945405
3 61 32.01562118716424
61 3 32.01562118716424
3 62 61.40032573203501
62 3 61.40032573203501
3 63 70.7248188403477
63 3 70.7248188403477
3 64 73.348483283569
64 3 73.348483283569
3 65 98.40731680114035
65 3 98.40731680114035
3 66 60.21627686929839
66 3 60.21627686929839
3 67 86.31338250816034
67 3 86.31338250816034
3 68 57.87054518492115
68 3 57.87054518492115
3 69 34.52535300326414
69 3 34.52535300326414
3 70 6.324555320336759
70 3 6.324555320336759
3 71 74.33034373659252
71 3 74.33034373659252
3 72 80.05623023850174
72 3 80.05623023850174
3 73 46.61544808322666
73 3 46.61544808322666
3 74 44.28317965096906
74 3 44.28317965096906
3 75 24.596747752497688
75 3 24.596747752497688
3 76 59.841457201508724
76 3 59.841457201508724
3 77 23.40939982143925
77 3 23.40939982143925
3 78 88.3911760301898
78 3 88.3911760301898
3 79 85.7962703152066
79 3 85.7962703152066
3 80 63.387695966961914
80 3 63.387695966961914
3 81 18.973665961010276
81 3 18.973665961010276
3 82 7.615773105863909
82 3 7.615773105863909
3 83 66.0
83 3 66.0
3 84 86.20904824900923
84 3 86.20904824900923
3 85 40.01249804748511
85 3 40.01249804748511
3 86 44.91102314577124
86 3 44.91102314577124
3 87 83.48652585896721
87 3 83.48652585896721
3 88 85.70880934886448
88 3 85.70880934886448
3 89 84.72307831990054
89 3 84.72307831990054
3 90 109.12378292562992
90 3 109.12378292562992
3 91 76.21679604916491
91 3 76.21679604916491
3 92 76.32168761236873
92 3 76.32168761236873
3 93 19.72308292331602
93 3 19.72308292331602
3 94 49.09175083453431
94 3 49.09175083453431
3 95 54.45181356024793
95 3 54.45181356024793
3 96 92.00543462209176
96 3 92.00543462209176
3 97 72.83543093852057
97 3 72.83543093852057
3 98 27.51363298439521
98 3 27.51363298439521
3 99 82.75868534480233
99 3 82.75868534480233
3 100 49.09175083453431
100 3 49.09175083453431
4 5 28.635642126552707
5 4 28.635642126552707
4 6 2.23606797749979
6 4 2.23606797749979
4 7 58.05170109479997
7 4 58.05170109479997
4 8 34.23448553724738
8 4 34.23448553724738
4 9 85.90692637965812
9 4 85.90692637965812
4 10 21.095023109728988
10 4 21.095023109728988
4 11 24.413111231467404
11 4 24.413111231467404
4 12 54.56189146281496
12 4 54.56189146281496
4 13 11.704699910719626
13 4 11.704699910719626
4 14 24.73863375370596
14 4 24.73863375370596
4 15 16.55294535724685
15 4 16.55294535724685
4 16 2.8284271247461903
16 4 2.8284271247461903
4 17 75.69015788066504
17 4 75.69015788066504
4 18 42.190046219457976
18 4 42.190046219457976
4 19 29.068883707497267
19 4 29.068883707497267
4 20 75.66372975210778
20 4 75.66372975210778
4 21 46.8187996428785
21 4 46.8187996428785
4 22 41.30375285612676
22 4 41.30375285612676
4 23 42.95346318982906
23 4 42.95346318982906
4 24 31.144823004794873
24 4 31.144823004794873
4 25 22.47220505424423
25 4 22.47220505424423
4 26 70.76722405181653
26 4 70.76722405181653
4 27 46.09772228646444
27 4 46.09772228646444
4 28 64.32728814430156
28 4 64.32728814430156
4 29 36.138621999185304
29 4 36.138621999185304
4 30 38.3275357934736
30 4 38.3275357934736
4 31 47.53945729601885
31 4 47.53945729601885
4 32 59.464274989274024
32 4 59.464274989274024
4 33 28.231188426986208
33 4 28.231188426986208
4 34 23.194827009486403
34 4 23.194827009486403
4 35 66.85057965343307
35 4 66.85057965343307
4 36 72.18032973047436
36 4 72.18032973047436
4 37 69.35416353759881
37 4 69.35416353759881
4 38 68.00735254367721
38 4 68.00735254367721
4 39 49.01020301937138
39 4 49.01020301937138
4 40 60.00833275470999
40 4 60.00833275470999
4 41 69.6419413859206
41 4 69.6419413859206
4 42 79.02531240052139
42 4 79.02531240052139
4 43 56.60388679233962
43 4 56.60388679233962
4 44 34.17601498127012
44 4 34.17601498127012
4 45 59.413803110051795
45 4 59.413803110051795
4 46 44.294469180700204
46 4 44.294469180700204
4 47 48.82622246293481
47 4 48.82622246293481
4 48 14.422205101855956
48 4 14.422205101855956
4 49 77.92945527847606
49 4 77.92945527847606
4 50 56.356011214421486
50 4 56.356011214421486
4 51 54.20332093147061
51 4 54.20332093147061
4 52 50.53711507397311
52 4 50.53711507397311
4 53 74.51845409024533
53 4 74.51845409024533
4 54 86.76404785393545
54 4 86.76404785393545
4 55 44.40720662234904
55 4 44.40720662234904
4 56 66.03786792439622
56 4 66.03786792439622
4 57 8.602325267042627
57 4 8.602325267042627
4 58 10.0
58 4 10.0
4 59 81.83520025025906
59 4 81.83520025025906
4 60 33.0
60 4 33.0
4 61 69.06518659932803
61 4 69.06518659932803
4 62 44.10215414239989
62 4 44.10215414239989
4 63 29.068883707497267
63 4 29.068883707497267
4 64 15.524174696260024
64 4 15.524174696260024
4 65 32.57299494980466
65 4 32.57299494980466
4 66 38.58756276314948
66 4 38.58756276314948
4 67 30.4138126514911
67 4 30.4138126514911
4 68 21.95449840010015
68 4 21.95449840010015
4 69 74.16872656315464
69 4 74.16872656315464
4 70 78.77182237323191
70 4 78.77182237323191
4 71 22.80350850198276
71 4 22.80350850198276
4 72 34.17601498127012
72 4 34.17601498127012
4 73 53.23532661682466
73 4 53.23532661682466
4 74 64.76109943476871
74 4 64.76109943476871
4 75 49.39635614091387
75 4 49.39635614091387
4 76 65.29931086925804
76 4 65.29931086925804
4 77 59.033888572581766
77 4 59.033888572581766
4 78 34.52535300326414
78 4 34.52535300326414
4 79 27.16615541441225
79 4 27.16615541441225
4 80 22.561028345356956
80 4 22.561028345356956
4 81 62.96824596572466
81 4 62.96824596572466
4 82 68.8839603971781
82 4 68.8839603971781
4 83 29.068883707497267
83 4 29.068883707497267
4 84 29.206163733020468
84 4 29.206163733020468
4 85 67.89698078707183
85 4 67.89698078707183
4 86 60.876925020897694
86 4 60.876925020897694
4 87 18.027756377319946
87 4 18.027756377319946
4 88 24.758836806279895
88 4 24.758836806279895
4 89 48.38388161361178
89 4 48.38388161361178
4 90 45.221676218380054
90 4 45.221676218380054
4 91 37.44329045369811
91 4 37.44329045369811
4 92 23.40939982143925
92 4 23.40939982143925
4 93 64.20280367709809
93 4 64.20280367709809
4 94 42.720018726587654
94 4 42.720018726587654
4 95 31.622776601683793
95 4 31.622776601683793
4 96 27.459060435491963
96 4 27.459060435491963
4 97 27.202941017470888
97 4 27.202941017470888
4 98 59.07622195096772
98 4 59.07622195096772
4 99 29.120439557122072
99 4 29.120439557122072
4 100 68.00735254367721
100 4 68.00735254367721
5 6 30.4138126514911
6 5 30.4138126514911
5 7 74.09453421137081
7 5 74.09453421137081
5 8 46.647615158762406
8 5 46.647615158762406
5 9 105.60303025955268
9 5 105.60303025955268
5 10 40.36087214122113
10 5 40.36087214122113
5 11 29.5296461204668
11 5 29.5296461204668
5 12 36.61966684720111
12 5 36.61966684720111
5 13 17.11724276862369
13 5 17.11724276862369
5 14 45.34313619501854
14 5 45.34313619501854
5 15 29.698484809834994
15 5 29.698484809834994
5 16 30.265491900843113
16 5 30.265491900843113
5 17 92.43916918709297
17 5 92.43916918709297
5 18 70.71067811865476
18 5 70.71067811865476
5 19 54.45181356024793
19 5 54.45181356024793
5 20 97.0
20 5 97.0
5 21 66.60330322138685
21 5 66.60330322138685
5 22 69.00724599634447
22 5 69.00724599634447
5 23 70.06425622241343
23 5 70.06425622241343
5 24 59.07622195096772
24 5 59.07622195096772
5 25 20.12461179749811
25 5 20.12461179749811
5 26 61.35144660071187
26 5 61.35144660071187
5 27 48.83646178829912
27 5 48.83646178829912
5 28 70.61161377563892
28 5 70.61161377563892
5 29 55.226805085936306
29 5 55.226805085936306
5 30 18.35755975068582
30 5 18.35755975068582
5 31 72.99315036357864
31 5 72.99315036357864
5 32 62.51399843235114
32 5 62.51399843235114
5 33 50.44799302251776
33 5 50.44799302251776
5 34 51.78802950489621
34 5 51.78802950489621
5 35 86.21484790916237
35 5 86.21484790916237
5 36 87.23531395025755
36 5 87.23531395025755
5 37 82.76472678623425
37 5 82.76472678623425
5 38 70.178344238091
38 5 70.178344238091
5 39 61.26989472816156
39 5 61.26989472816156
5 40 61.1310068623117
40 5 61.1310068623117
5 41 65.62011886609167
41 5 65.62011886609167
5 42 88.88756943465155
42 5 88.88756943465155
5 43 54.037024344425184
43 5 54.037024344425184
5 44 55.17245689653489
44 5 55.17245689653489
5 45 68.30812543175226
45 5 68.30812543175226
5 46 72.2357252334328
46 5 72.2357252334328
5 47 46.0
47 5 46.0
5 48 16.1245154965971
48 5 16.1245154965971
5 49 92.13576938409967
49 5 92.13576938409967
5 50 56.0357029044876
50 5 56.0357029044876
5 51 76.38062581571324
51 5 76.38062581571324
5 52 51.24451190127583
52 5 51.24451190127583
5 53 98.71676655968832
53 5 98.71676655968832
5 54 84.5931439302264
54 5 84.5931439302264
5 55 20.0
55 5 20.0
5 56 88.3911760301898
56 5 88.3911760301898
5 57 35.014282800023196
57 5 35.014282800023196
5 58 36.76955262170047
58 5 36.76955262170047
5 59 76.68767828015137
59 5 76.68767828015137
5 60 48.010415536631214
60 5 48.010415536631214
5 61 81.15417426109393
61 5 81.15417426109393
5 62 67.47592163134935
62 5 67.47592163134935
5 63 55.90169943749474
63 5 55.90169943749474
5 64 13.152946437965905
64 5 13.152946437965905
5 65 59.135437767890075
65 5 59.135437767890075
5 66 61.84658438426491
66 5 61.84658438426491
5 67 59.033888572581766
67 5 59.033888572581766
5 68 19.235384061671343
68 5 19.235384061671343
5 69 86.53900854527974
69 5 86.53900854527974
5 70 80.00624975587844
70 5 80.00624975587844
5 71 6.0
71 5 6.0
5 72 7.211102550927978
72 5 7.211102550927978
5 73 36.359317925395686
73 5 36.359317925395686
5 74 81.30190649671138
74 5 81.30190649671138
5 75 52.952809179494906
75 5 52.952809179494906
5 76 86.37129152675674
76 5 86.37129152675674
5 77 52.773099207835045
77 5 52.773099207835045
5 78 63.150613615387776
78 5 63.150613615387776
5 79 55.731499172371095
79 5 55.731499172371095
5 80 12.529964086141668
80 5 12.529964086141668
5 81 70.09279563550022
81 5 70.09279563550022
5 82 67.11929677819934
82 5 67.11929677819934
5 83 8.06225774829855
83 5 8.06225774829855
5 84 13.0
84 5 13.0
5 85 82.76472678623425
85 5 82.76472678623425
5 86 77.93587107359485
86 5 77.93587107359485
5 87 46.2709412050371
87 5 46.2709412050371
5 88 14.866068747318506
88 5 14.866068747318506
5 89 20.12461179749811
89 5 20.12461179749811
5 90 71.449282711585
90 5 71.449282711585
5 91 64.88451279003334
91 5 64.88451279003334
5 92 6.324555320336759
92 5 6.324555320336759
5 93 58.05170109479997
93 5 58.05170109479997
5 94 61.71709649683789
94 5 61.71709649683789
5 95 52.3450093132096
95 5 52.3450093132096
5 96 55.00909015790027
96 5 55.00909015790027
5 97 54.62600113499065
97 5 54.62600113499065
5 98 69.6419413859206
98 5 69.6419413859206
5 99 57.723478758647246
99 5 57.723478758647246
5 100 85.70297544426332
100 5 85.70297544426332
6 7 58.69412236331676
7 6 58.69412236331676
6 8 35.510561809129406
8 6 35.510561809129406
6 9 86.00581375697809
9 6 86.00581375697809
6 10 22.0
10 6 22.0
6 11 26.40075756488817
11 6 26.40075756488817
6 12 56.79788728465171
12 6 56.79788728465171
6 13 13.341664064126334
13 6 13.341664064126334
6 14 25.317977802344327
14 6 25.317977802344327
6 15 18.35755975068582
15 6 18.35755975068582
6 16 1.0
16 6 1.0
6 17 76.15773105863909
17 6 76.15773105863909
6 18 40.311288741492746
18 6 40.311288741492746
6 19 26.832815729997478
19 6 26.832815729997478
6 20 75.59100475585703
20 6 75.59100475585703
6 21 47.12748667179272
21 6 47.12748667179272
6 22 39.20459156782532
22 6 39.20459156782532
6 23 40.792156108742276
23 6 40.792156108742276
6 24 29.068883707497267
24 6 29.068883707497267
6 25 24.698178070456937
25 6 24.698178070456937
6 26 72.86288492778748
26 6 72.86288492778748
6 27 47.853944456021594
27 6 47.853944456021594
6 28 65.73431371817918
28 6 65.73431371817918
6 29 36.6742416417845
29 6 36.6742416417845
6 30 40.52159917870962
30 6 40.52159917870962
6 31 45.31004303683677
31 6 45.31004303683677
6 32 61.09828148156051
32 6 61.09828148156051
6 33 28.460498941515414
33 6 28.460498941515414
6 34 21.37755832643195
34 6 21.37755832643195
6 35 67.06713054842886
35 6 67.06713054842886
6 36 72.83543093852057
36 6 72.83543093852057
6 37 70.178344238091
37 6 70.178344238091
6 38 69.6419413859206
38 6 69.6419413859206
6 39 50.08991914547278
39 6 50.08991914547278
6 40 61.741396161732524
40 6 61.741396161732524
6 41 71.56116265125938
41 6 71.56116265125938
6 42 80.09993757800315
42 6 80.09993757800315
6 43 58.52349955359813
43 6 58.52349955359813
6 44 34.48187929913333
44 6 34.48187929913333
6 45 60.67124524847005
45 6 60.67124524847005
6 46 43.04648650006177
46 6 43.04648650006177
6 47 50.80354318352215
47 6 50.80354318352215
6 48 15.652475842498529
48 6 15.652475842498529
6 49 78.63841300535
49 6 78.63841300535
6 50 58.180752831155424
50 6 58.180752831155424
6 51 54.120236510939236
51 6 54.120236510939236
6 52 52.354560450833695
52 6 52.354560450833695
6 53 74.02702209328699
53 6 74.02702209328699
6 54 88.54942122905152
54 6 88.54942122905152
6 55 46.52956049652737
55 6 46.52956049652737
6 56 65.86349520030045
56 6 65.86349520030045
6 57 6.4031242374328485
57 6 6.4031242374328485
6 58 9.848857801796104
58 6 9.848857801796104
6 59 83.7615663654877
59 6 83.7615663654877
6 60 34.058772731852805
60 6 34.058772731852805
6 61 70.00714249274856
61 6 70.00714249274856
6 62 43.9089968002003
62 6 43.9089968002003
6 63 28.284271247461902
63 6 28.284271247461902
6 64 17.26267650163207
64 6 17.26267650163207
6 65 30.364452901377952
65 6 30.364452901377952
6 66 38.47076812334269
66 6 38.47076812334269
6 67 28.635642126552707
67 6 28.635642126552707
6 68 24.186773244895647
68 6 24.186773244895647
6 69 75.05997601918082
69 6 75.05997601918082
6 70 80.4114419718985
70 6 80.4114419718985
6 71 24.515301344262525
71 6 24.515301344262525
6 72 35.73513677041127
72 6 35.73513677041127
6 73 55.47071299343465
73 6 55.47071299343465
6 74 65.30696746902278
74 6 65.30696746902278
6 75 51.07837115648854
75 6 51.07837115648854
6 76 65.30696746902278
76 6 65.30696746902278
6 77 61.07372593840988
77 6 61.07372593840988
6 78 32.7566787083184
78 6 32.7566787083184
6 79 25.317977802344327
79 6 25.317977802344327
6 80 24.73863375370596
80 6 24.73863375370596
6 81 64.32728814430156
81 6 64.32728814430156
6 82 70.71067811865476
82 6 70.71067811865476
6 83 31.144823004794873
83 6 31.144823004794873
6 84 30.23243291566195
84 6 30.23243291566195
6 85 68.59300255857006
85 6 68.59300255857006
6 86 61.39218191268331
86 6 61.39218191268331
6 87 16.0
87 6 16.0
6 88 25.612496949731394
88 6 25.612496949731394
6 89 50.0
89 6 50.0
6 90 43.01162633521314
90 6 43.01162633521314
6 91 36.40054944640259
91 6 36.40054944640259
6 92 25.0
92 6 25.0
6 93 66.21933252457322
93 6 66.21933252457322
6 94 43.174066289845804
94 6 43.174066289845804
6 95 32.01562118716424
95 6 32.01562118716424
6 96 25.317977802344327
96 6 25.317977802344327
6 97 26.248809496813376
97 6 26.248809496813376
6 98 60.207972893961475
98 6 60.207972893961475
6 99 27.51363298439521
99 6 27.51363298439521
6 100 68.41052550594829
100 6 68.41052550594829
7 8 27.459060435491963
8 7 27.459060435491963
7 9 32.64965543462902
9 7 32.64965543462902
7 10 37.107950630558946
10 7 37.107950630558946
7 11 44.654227123532216
11 7 44.654227123532216
7 12 68.47627326307996
12 7 68.47627326307996
7 13 64.8459713474939
13 7 64.8459713474939
7 14 33.37663853655727
14 7 33.37663853655727
7 15 45.69463863518345
15 7 45.69463863518345
7 16 59.682493245507096
16 7 59.682493245507096
7 17 18.35755975068582
17 7 18.35755975068582
7 18 61.40032573203501
18 7 61.40032573203501
7 19 71.58910531638176
19 7 71.58910531638176
7 20 27.51363298439521
20 7 27.51363298439521
7 21 13.92838827718412
21 7 13.92838827718412
7 22 68.87670143089025
22 7 68.87670143089025
7 23 72.91776189653656
23 7 72.91776189653656
7 24 63.245553203367585
24 7 63.245553203367585
7 25 54.08326913195984
25 7 54.08326913195984
7 26 59.21148537234985
26 7 59.21148537234985
7 27 33.54101966249684
27 7 33.54101966249684
7 28 24.73863375370596
28 7 24.73863375370596
7 29 22.090722034374522
29 7 22.090722034374522
7 30 67.17886572427373
30 7 67.17886572427373
7 31 81.93900170248598
31 7 81.93900170248598
7 32 31.016124838541646
32 7 31.016124838541646
7 33 31.0
33 7 31.0
7 34 55.31726674375732
34 7 55.31726674375732
7 35 14.866068747318506
35 7 14.866068747318506
7 36 14.142135623730951
36 7 14.142135623730951
7 37 12.649110640673518
37 7 12.649110640673518
7 38 34.713109915419565
38 7 34.713109915419565
7 39 14.422205101855956
39 7 14.422205101855956
7 40 35.05709628591621
40 7 35.05709628591621
7 41 48.041648597857254
41 7 48.041648597857254
7 42 25.553864678361276
42 7 25.553864678361276
7 43 41.97618372363071
43 7 41.97618372363071
7 44 25.019992006393608
44 7 25.019992006393608
7 45 18.110770276274835
45 7 18.110770276274835
7 46 45.60701700396552
46 7 45.60701700396552
7 47 42.5440947723653
47 7 42.5440947723653
7 48 68.9492567037528
48 7 68.9492567037528
7 49 20.024984394500787
49 7 20.024984394500787
7 50 37.656340767525464
50 7 37.656340767525464
7 51 18.867962264113206
51 7 18.867962264113206
7 52 36.05551275463989
52 7 36.05551275463989
7 53 37.0
53 7 37.0
7 54 53.31041174104736
54 7 53.31041174104736
7 55 75.0066663703967
55 7 75.0066663703967
7 56 24.020824298928627
56 7 24.020824298928627
7 57 62.12889826803627
57 7 62.12889826803627
7 58 49.25444142409901
58 7 49.25444142409901
7 59 56.293871780150276
59 7 56.293871780150276
7 60 26.40075756488817
60 7 26.40075756488817
7 61 14.422205101855956
61 7 14.422205101855956
7 62 23.853720883753127
62 7 23.853720883753127
7 63 39.56008088970496
63 7 39.56008088970496
7 64 66.30987860040162
64 7 66.30987860040162
7 65 69.92138442565336
65 7 69.92138442565336
7 66 25.632011235952593
66 7 25.632011235952593
7 67 55.362442142665635
67 7 55.362442142665635
7 68 54.91812087098393
68 7 54.91812087098393
7 69 18.027756377319946
69 7 18.027756377319946
7 70 41.6293165929973
70 7 41.6293165929973
7 71 71.11961754677819
71 7 71.11961754677819
7 72 81.30190649671138
72 7 81.30190649671138
7 73 66.24198064671678
73 7 66.24198064671678
7 74 7.211102550927978
74 7 7.211102550927978
7 75 31.016124838541646
75 7 31.016124838541646
7 76 19.026297590440446
76 7 19.026297590440446
7 77 49.24428900898052
77 7 49.24428900898052
7 78 55.94640292279746
78 7 55.94640292279746
7 79 56.32051136131489
79 7 56.32051136131489
7 80 61.587336360651285
80 7 61.587336360651285
7 81 22.561028345356956
81 7 22.561028345356956
7 82 43.18564576337837
82 7 43.18564576337837
7 83 68.00735254367721
83 7 68.00735254367721
7 84 82.34682750416071
84 7 82.34682750416071
7 85 10.0
85 7 10.0
7 86 4.47213595499958
86 7 4.47213595499958
7 87 58.42088667591412
87 7 58.42088667591412
7 88 79.47955712005447
88 7 79.47955712005447
7 89 91.8313671900838
89 7 91.8313671900838
7 90 77.87810988975015
90 7 77.87810988975015
7 91 41.182520563948
91 7 41.182520563948
7 92 72.89718787443039
92 7 72.89718787443039
7 93 50.35871324805669
93 7 50.35871324805669
7 94 16.0312195418814
94 7 16.0312195418814
7 95 27.018512172212592
95 7 27.018512172212592
7 96 64.03124237432849
96 7 64.03124237432849
7 97 42.44997055358225
97 7 42.44997055358225
7 98 14.142135623730951
98 7 14.142135623730951
7 99 51.86520991955976
99 7 51.86520991955976
7 100 12.041594578792296
100 7 12.041594578792296
8 9 59.464274989274024
9 8 59.464274989274024
8 10 14.317821063276353
10 8 14.317821063276353
8 11 17.204650534085253
11 8 17.204650534085253
8 12 46.09772228646444
12 8 46.09772228646444
8 13 38.63935817272331
13 8 38.63935817272331
8 14 14.142135623730951
14 8 14.142135623730951
8 15 19.235384061671343
15 8 19.235384061671343
8 16 36.49657518178932
16 8 36.49657518178932
8 17 45.79301256742124
17 8 45.79301256742124
8 18 54.91812087098393
18 8 54.91812087098393
8 19 55.758407437802596
19 8 55.758407437802596
8 20 52.009614495783374
20 8 52.009614495783374
8 21 22.360679774997898
21 8 22.360679774997898
8 22 59.54829972383762
22 8 59.54829972383762
8 23 62.96824596572466
23 8 62.96824596572466
8 24 50.93132631298737
24 8 50.93132631298737
8 25 26.627053911388696
25 8 26.627053911388696
8 26 47.53945729601885
26 8 47.53945729601885
8 27 17.0
27 8 17.0
8 28 30.364452901377952
28 8 30.364452901377952
8 29 13.038404810405298
29 8 13.038404810405298
8 30 40.80441152620633
30 8 40.80441152620633
8 31 70.76722405181653
31 8 70.76722405181653
8 32 27.202941017470888
32 8 27.202941017470888
8 33 17.0
33 8 17.0
8 34 41.10960958218893
34 8 41.10960958218893
8 35 40.311288741492746
35 8 40.311288741492746
8 36 40.718546143004666
36 8 40.718546143004666
8 37 36.68787265568828
37 8 36.68787265568828
8 38 35.510561809129406
38 8 35.510561809129406
8 39 15.297058540778355
39 8 15.297058540778355
8 40 29.0
40 8 29.0
8 41 41.400483088968905
41 8 41.400483088968905
8 42 45.044422518220834
42 8 45.044422518220834
8 43 29.5296461204668
43 8 29.5296461204668
8 44 16.1245154965971
44 8 16.1245154965971
8 45 25.179356624028344
45 8 25.179356624028344
8 46 44.9221548904324
46 8 44.9221548904324
8 47 24.73863375370596
47 8 24.73863375370596
8 48 42.7551166528639
48 8 42.7551166528639
8 49 45.880278987817846
49 8 45.880278987817846
8 50 27.202941017470888
50 8 27.202941017470888
8 51 33.61547262794322
51 8 33.61547262794322
8 52 21.95449840010015
52 8 21.95449840010015
8 53 56.859475903318
53 8 56.859475903318
8 54 55.60575509783138
54 8 55.60575509783138
8 55 48.82622246293481
55 8 48.82622246293481
8 56 44.77722635447622
56 8 44.77722635447622
8 57 40.52159917870962
57 8 40.52159917870962
8 58 27.85677655436824
58 8 27.85677655436824
8 59 53.150729063673246
59 8 53.150729063673246
8 60 4.123105625617661
60 8 4.123105625617661
8 61 35.6931365951495
61 8 35.6931365951495
8 62 28.160255680657446
62 8 28.160255680657446
8 63 30.01666203960727
63 8 30.01666203960727
8 64 39.56008088970496
64 8 39.56008088970496
8 65 56.22277118748239
65 8 56.22277118748239
8 66 24.020824298928627
66 8 24.020824298928627
8 67 44.68780594300866
67 8 44.68780594300866
8 68 27.459060435491963
68 8 27.459060435491963
8 69 41.0
69 8 41.0
8 70 46.14108798023731
70 8 46.14108798023731
8 71 43.86342439892262
71 8 43.86342439892262
8 72 53.85164807134504
72 8 53.85164807134504
8 73 43.93176527297759
73 8 43.93176527297759
8 74 34.66987164671943
74 8 34.66987164671943
8 75 18.439088914585774
75 8 18.439088914585774
8 76 41.617304093369626
76 8 41.617304093369626
8 77 35.11409973215888
77 8 35.11409973215888
8 78 47.20169488482379
78 8 47.20169488482379
8 79 43.840620433565945
79 8 43.840620433565945
8 80 34.132096331752024
80 8 34.132096331752024
8 81 28.861739379323623
81 8 28.861739379323623
8 82 38.897300677553446
82 8 38.897300677553446
8 83 40.607881008493905
83 8 40.607881008493905
8 84 55.362442142665635
84 8 55.362442142665635
8 85 36.24913792078372
85 8 36.24913792078372
8 86 31.400636936215164
86 8 31.400636936215164
8 87 41.340053217188775
87 8 41.340053217188775
8 88 52.88667128870941
88 8 52.88667128870941
8 89 64.53681120105021
89 8 64.53681120105021
8 90 67.17886572427373
90 8 67.17886572427373
8 91 37.33630940518894
91 8 37.33630940518894
8 92 45.69463863518345
92 8 45.69463863518345
8 93 38.91015291668744
93 8 38.91015291668744
8 94 17.46424919657298
94 8 17.46424919657298
8 95 14.560219778561036
95 8 14.560219778561036
8 96 49.8196748283246
96 8 49.8196748283246
8 97 31.622776601683793
97 8 31.622776601683793
8 98 25.019992006393608
98 8 25.019992006393608
8 99 41.23105625617661
99 8 41.23105625617661
8 100 39.20459156782532
100 8 39.20459156782532
9 10 66.37017402418047
10 9 66.37017402418047
9 11 76.57675887630658
11 9 76.57675887630658
9 12 100.70253224224304
12 9 100.70253224224304
9 13 94.51454914456292
13 9 94.51454914456292
9 14 61.773780845922005
14 9 61.773780845922005
9 15 76.27581530209953
15 9 76.27581530209953
9 16 86.92525524840292
16 9 86.92525524840292
9 17 16.76305461424021
17 9 16.76305461424021
9 18 74.24284477308234
18 9 74.24284477308234
9 19 91.54780172128658
19 9 91.54780172128658
9 20 12.041594578792296
20 9 12.041594578792296
9 21 39.44616584663204
21 9 39.44616584663204
9 22 83.15046602394962
22 9 83.15046602394962
9 23 87.20665112249179
23 9 87.20665112249179
9 24 81.15417426109393
24 9 81.15417426109393
9 25 85.9127464349732
25 9 85.9127464349732
9 26 87.93179174792243
26 9 87.93179174792243
9 27 65.73431371817918
27 9 65.73431371817918
9 28 51.24451190127583
28 9 51.24451190127583
9 29 50.774009099144415
29 9 50.774009099144415
9 30 99.76472322419383
30 9 99.76472322419383
9 31 96.33275663033837
31 9 96.33275663033837
9 32 60.166435825965294
32 9 60.166435825965294
9 33 57.697486947006624
33 9 57.697486947006624
9 34 76.11832893594026
34 9 76.11832893594026
9 35 19.4164878389476
35 9 19.4164878389476
9 36 24.041630560342615
36 9 24.041630560342615
9 37 30.364452901377952
37 9 30.364452901377952
9 38 60.63827174318213
38 9 60.63827174318213
9 39 47.01063709417264
39 9 47.01063709417264
9 40 64.25729530566937
40 9 64.25729530566937
9 41 75.43208866258443
41 9 75.43208866258443
9 42 38.01315561749642
42 9 38.01315561749642
9 43 72.49827584156743
43 9 72.49827584156743
9 44 51.884487084291386
44 9 51.884487084291386
9 45 47.01063709417264
45 9 47.01063709417264
9 46 57.07889277132134
46 9 57.07889277132134
9 47 74.43117626371358
47 9 74.43117626371358
9 48 98.48857801796105
48 9 98.48857801796105
9 49 24.020824298928627
49 9 24.020824298928627
9 50 68.0294054067798
50 9 68.0294054067798
9 51 32.28002478313795
51 9 32.28002478313795
9 52 67.60177512462228
52 9 67.60177512462228
9 53 24.186773244895647
53 9 24.186773244895647
9 54 74.0
54 9 74.0
9 55 107.62899237658968
55 9 107.62899237658968
9 56 22.02271554554524
56 9 22.02271554554524
9 57 87.92041856133307
57 9 87.92041856133307
9 58 76.15773105863909
58 9 76.15773105863909
9 59 80.50465825031493
59 9 80.50465825031493
9 60 57.62811813689564
60 9 57.62811813689564
9 61 34.20526275297414
61 9 34.20526275297414
9 62 42.720018726587654
62 9 42.720018726587654
9 63 60.63827174318213
63 9 60.63827174318213
9 64 96.56603957913983
64 9 96.56603957913983
9 65 88.14193099768123
65 9 88.14193099768123
9 66 47.75981574503821
66 9 47.75981574503821
9 67 73.24616030891995
67 9 73.24616030891995
9 68 86.68333173107735
68 9 86.68333173107735
9 69 31.25699921617557
69 9 31.25699921617557
9 70 63.12685640834652
70 9 63.12685640834652
9 71 102.07840124139877
71 9 102.07840124139877
9 72 112.8007092176286
72 9 112.8007092176286
9 73 98.47842403288143
73 9 98.47842403288143
9 74 25.80697580112788
74 9 25.80697580112788
9 75 62.76941930590086
75 9 62.76941930590086
9 76 20.8806130178211
76 9 20.8806130178211
9 77 79.7057087039567
77 9 79.7057087039567
9 78 72.02777242147643
78 9 72.02777242147643
9 79 75.53806987208503
79 9 75.53806987208503
9 80 93.23625904121208
80 9 93.23625904121208
9 81 49.64876634922564
81 9 49.64876634922564
9 82 70.09279563550022
82 9 70.09279563550022
9 83 100.00499987500625
83 9 100.00499987500625
9 84 112.6809655620682
84 9 112.6809655620682
9 85 27.313000567495326
85 9 27.313000567495326
9 86 28.319604517012593
86 9 28.319604517012593
9 87 81.02468759581859
87 9 81.02468759581859
9 88 109.27488274987991
88 9 109.27488274987991
9 89 123.98790263570072
89 9 123.98790263570072
9 90 92.26592003551474
90 9 92.26592003551474
9 91 57.21887800367987
91 9 57.21887800367987
9 92 103.73041983911952
92 9 103.73041983911952
9 93 79.71198153351854
93 9 79.71198153351854
9 94 44.10215414239989
94 9 44.10215414239989
9 95 54.589376255824725
95 9 54.589376255824725
9 96 83.48652585896721
96 9 83.48652585896721
9 97 63.56099432828282
97 9 63.56099432828282
9 98 43.382023926967726
98 9 43.382023926967726
9 99 70.45565981523414
99 9 70.45565981523414
9 100 20.615528128088304
100 9 20.615528128088304
10 11 16.0312195418814
11 10 16.0312195418814
10 12 51.088159097779204
12 10 51.088159097779204
10 13 28.178005607210743
13 10 28.178005607210743
10 14 5.0
14 10 5.0
10 15 10.816653826391969
15 10 10.816653826391969
10 16 23.0
16 10 23.0
10 17 55.02726596879042
17 10 55.02726596879042
10 18 43.46262762420146
18 10 43.46262762420146
10 19 41.617304093369626
19 10 41.617304093369626
10 20 57.0087712549569
20 10 57.0087712549569
10 21 26.92582403567252
21 10 26.92582403567252
10 22 46.87216658103186
22 10 46.87216658103186
10 23 50.0
23 10 50.0
10 24 37.64306044943742
24 10 37.64306044943742
10 25 22.847319317591726
25 10 22.847319317591726
10 26 58.83026432033091
26 10 58.83026432033091
10 27 29.698484809834994
27 10 29.698484809834994
10 28 44.598206241955516
28 10 44.598206241955516
10 29 15.652475842498529
29 10 15.652475842498529
10 30 40.52159917870962
30 10 40.52159917870962
10 31 57.3149195236284
31 10 57.3149195236284
10 32 41.340053217188775
32 10 41.340053217188775
10 33 10.295630140987
33 10 10.295630140987
10 34 27.65863337187866
34 10 27.65863337187866
10 35 47.01063709417264
35 10 47.01063709417264
10 36 51.19570294468082
