customer location distance
1 2 116.49892703368559
2 1 116.49892703368559
1 3 113.45483682946268
3 1 113.45483682946268
1 4 48.46648326421054
4 1 48.46648326421054
1 5 73.97972695272672
5 1 73.97972695272672
1 6 46.238512086787566
6 1 46.238512086787566
1 7 82.34682750416071
7 1 82.34682750416071
1 8 71.449282711585
8 1 71.449282711585
1 9 96.42095207992918
9 1 96.42095207992918
1 10 58.05170109479997
10 1 58.05170109479997
1 11 70.178344238091
11 1 70.178344238091
1 12 102.95630140987001
12 1 102.95630140987001
1 13 57.723478758647246
13 1 57.723478758647246
1 14 57.3149195236284
14 1 57.3149195236284
1 15 61.587336360651285
15 1 61.587336360651285
1 16 45.880278987817846
16 1 45.880278987817846
1 17 94.37160589923221
17 1 94.37160589923221
1 18 22.20360331117452
18 1 22.20360331117452
1 19 19.6468827043885
19 1 19.6468827043885
1 20 84.38009243891595
20 1 84.38009243891595
1 21 68.4470598345904
21 1 68.4470598345904
1 22 13.601470508735444
22 1 13.601470508735444
1 23 9.486832980505138
23 1 9.486832980505138
1 24 20.518284528683193
24 1 20.518284528683193
1 25 70.68238818828917
25 1 70.68238818828917
1 26 116.40017182117903
26 1 116.40017182117903
1 27 87.72684879784524
27 1 87.72684879784524
1 28 99.62429422585637
28 1 99.62429422585637
1 29 64.07027391856539
29 1 64.07027391856539
1 30 86.64871608973787
30 1 86.64871608973787
1 31 1.0
31 1 1.0
1 32 98.49365461794989
32 1 98.49365461794989
1 33 55.60575509783138
33 1 55.60575509783138
1 34 30.4138126514911
34 1 30.4138126514911
1 35 82.46211251235322
35 1 82.46211251235322
1 36 94.57801012920498
36 1 94.57801012920498
1 37 94.93682109698007
37 1 94.93682109698007
1 38 106.5269918846862
38 1 106.5269918846862
1 39 81.27115109311545
39 1 81.27115109311545
1 40 100.44899203078147
40 1 100.44899203078147
1 41 112.48555462813881
41 1 112.48555462813881
1 42 107.78682665335315
42 1 107.78682665335315
1 43 99.90495483208028
43 1 99.90495483208028
1 44 59.90826320300064
44 1 59.90826320300064
1 45 92.91393867445294
45 1 92.91393867445294
1 46 39.45883931389772
46 1 39.45883931389772
1 47 93.23625904121208
47 1 93.23625904121208
1 48 57.87054518492115
48 1 57.87054518492115
1 49 100.56838469419701
49 1 100.56838469419701
1 50 98.3107318658548
50 1 98.3107318658548
2 3 12.806248474865697
3 2 12.806248474865697
2 4 80.77747210701756
4 2 80.77747210701756
2 5 84.29116205154607
5 2 84.29116205154607
2 6 82.28000972289685
6 2 82.28000972289685
2 7 38.27531841800928
7 2 38.27531841800928
2 8 47.16990566028302
8 2 47.16990566028302
2 9 57.0
9 2 57.0
2 10 61.465437442517235
10 2 61.465437442517235
2 11 58.42088667591412
11 2 58.42088667591412
2 12 60.8276253029822
12 2 60.8276253029822
2 13 82.60750571225353
13 2 82.60750571225353
2 14 60.37383539249432
14 2 60.37383539249432
2 15 64.53681120105021
15 2 64.53681120105021
2 16 83.24061508662703
16 2 83.24061508662703
2 17 41.30375285612676
17 2 41.30375285612676
2 18 97.18538984847466
18 2 97.18538984847466
2 19 102.42070103255493
19 2 102.42070103255493
2 20 59.22837157984339
20 2 59.22837157984339
2 21 50.24937810560445
21 2 50.24937810560445
2 22 103.60019305001319
22 2 103.60019305001319
2 23 107.41508273980894
23 2 107.41508273980894
2 24 96.25487000666512
24 2 96.25487000666512
2 25 66.03029607687671
25 2 66.03029607687671
2 26 37.48332962798263
26 2 37.48332962798263
2 27 36.05551275463989
27 2 36.05551275463989
2 28 17.0
28 2 17.0
2 29 52.43090691567332
29 2 52.43090691567332
2 30 69.85699678629192
30 2 69.85699678629192
2 31 115.93532679903913
31 2 115.93532679903913
2 32 22.02271554554524
32 2 22.02271554554524
2 33 61.05735008989499
33 2 61.05735008989499
2 34 86.95401083331349
34 2 86.95401083331349
2 35 48.703182647543684
35 2 48.703182647543684
2 36 34.713109915419565
36 2 34.713109915419565
2 37 29.410882339705484
37 2 29.410882339705484
2 38 14.142135623730951
38 2 14.142135623730951
2 39 35.22782990761707
39 2 35.22782990761707
2 40 23.194827009486403
40 2 23.194827009486403
2 41 24.839484696748443
41 2 24.839484696748443
2 42 19.026297590440446
42 2 19.026297590440446
2 43 31.32091952673165
43 2 31.32091952673165
2 44 56.61271941887264
44 2 56.61271941887264
2 45 23.600847442411894
45 2 23.600847442411894
2 46 82.75868534480233
46 2 82.75868534480233
2 47 38.63935817272331
47 2 38.63935817272331
2 48 86.46964785403026
48 2 86.46964785403026
2 49 33.015148038438355
49 2 33.015148038438355
2 50 28.442925306655784
50 2 28.442925306655784
3 4 73.92563831310488
4 3 73.92563831310488
3 5 74.00675644831355
5 3 74.00675644831355
3 6 75.64390259630977
6 3 75.64390259630977
3 7 41.48493702538308
7 3 41.48493702538308
3 8 42.20189569201838
8 3 42.20189569201838
3 9 65.76473218982953
9 3 65.76473218982953
3 10 56.302753041036986
10 3 56.302753041036986
3 11 50.28916384272063
11 3 50.28916384272063
3 12 48.33218389437829
12 3 48.33218389437829
3 13 74.21590126111789
13 3 74.21590126111789
3 14 56.22277118748239
14 3 56.22277118748239
3 15 57.38466694161429
15 3 57.38466694161429
3 16 76.55716818169282
16 3 76.55716818169282
3 17 49.25444142409901
17 3 49.25444142409901
3 18 95.58765610684259
18 3 95.58765610684259
3 19 97.9081201943945
19 3 97.9081201943945
3 20 66.03029607687671
20 3 66.03029607687671
3 21 51.0
21 3 51.0
3 22 101.13851887386922
22 3 101.13851887386922
3 23 104.7377677822093
23 3 104.7377677822093
3 24 92.9569792968769
24 3 92.9569792968769
3 25 56.88585061331157
25 3 56.88585061331157
3 26 24.839484696748443
26 3 24.839484696748443
3 27 27.85677655436824
27 3 27.85677655436824
3 28 16.76305461424021
28 3 16.76305461424021
3 29 50.32891812864648
29 3 50.32891812864648
3 30 58.54912467321779
30 3 58.54912467321779
3 31 112.80514172678478
31 3 112.80514172678478
3 32 15.0
32 3 15.0
3 33 58.0
33 3 58.0
3 34 83.24061508662703
34 3 83.24061508662703
3 35 54.3323108288245
35 3 54.3323108288245
3 36 42.1070065428546
36 3 42.1070065428546
3 37 36.013886210738214
37 3 36.013886210738214
3 38 7.211102550927978
38 3 7.211102550927978
3 39 33.83784863137726
39 3 33.83784863137726
3 40 13.92838827718412
40 3 13.92838827718412
3 41 12.041594578792296
41 3 12.041594578792296
3 42 29.154759474226502
42 3 29.154759474226502
3 43 20.024984394500787
43 3 20.024984394500787
3 44 54.56189146281496
44 3 54.56189146281496
3 45 23.769728648009426
45 3 23.769728648009426
3 46 82.66196223173026
46 3 82.66196223173026
3 47 28.0178514522438
47 3 28.0178514522438
3 48 77.87810988975015
48 3 77.87810988975015
3 49 41.97618372363071
49 3 41.97618372363071
3 50 18.24828759089466
50 3 18.24828759089466
4 5 28.635642126552707
5 4 28.635642126552707
4 6 2.23606797749979
6 4 2.23606797749979
4 7 58.05170109479997
7 4 58.05170109479997
4 8 34.23448553724738
8 4 34.23448553724738
4 9 85.90692637965812
9 4 85.90692637965812
4 10 21.095023109728988
10 4 21.095023109728988
4 11 24.413111231467404
11 4 24.413111231467404
4 12 54.56189146281496
12 4 54.56189146281496
4 13 11.704699910719626
13 4 11.704699910719626
4 14 24.73863375370596
14 4 24.73863375370596
4 15 16.55294535724685
15 4 16.55294535724685
4 16 2.8284271247461903
16 4 2.8284271247461903
4 17 75.69015788066504
17 4 75.69015788066504
4 18 42.190046219457976
18 4 42.190046219457976
4 19 29.068883707497267
19 4 29.068883707497267
4 20 75.66372975210778
20 4 75.66372975210778
4 21 46.8187996428785
21 4 46.8187996428785
4 22 41.30375285612676
22 4 41.30375285612676
4 23 42.95346318982906
23 4 42.95346318982906
4 24 31.144823004794873
24 4 31.144823004794873
4 25 22.47220505424423
25 4 22.47220505424423
4 26 70.76722405181653
26 4 70.76722405181653
4 27 46.09772228646444
27 4 46.09772228646444
4 28 64.32728814430156
28 4 64.32728814430156
4 29 36.138621999185304
29 4 36.138621999185304
4 30 38.3275357934736
30 4 38.3275357934736
4 31 47.53945729601885
31 4 47.53945729601885
4 32 59.464274989274024
32 4 59.464274989274024
4 33 28.231188426986208
33 4 28.231188426986208
4 34 23.194827009486403
34 4 23.194827009486403
4 35 66.85057965343307
35 4 66.85057965343307
4 36 72.18032973047436
36 4 72.18032973047436
4 37 69.35416353759881
37 4 69.35416353759881
4 38 68.00735254367721
38 4 68.00735254367721
4 39 49.01020301937138
39 4 49.01020301937138
4 40 60.00833275470999
40 4 60.00833275470999
4 41 69.6419413859206
41 4 69.6419413859206
4 42 79.02531240052139
42 4 79.02531240052139
4 43 56.60388679233962
43 4 56.60388679233962
4 44 34.17601498127012
44 4 34.17601498127012
4 45 59.413803110051795
45 4 59.413803110051795
4 46 44.294469180700204
46 4 44.294469180700204
4 47 48.82622246293481
47 4 48.82622246293481
4 48 14.422205101855956
48 4 14.422205101855956
4 49 77.92945527847606
49 4 77.92945527847606
4 50 56.356011214421486
50 4 56.356011214421486
5 6 30.4138126514911
6 5 30.4138126514911
5 7 74.09453421137081
7 5 74.09453421137081
5 8 46.647615158762406
8 5 46.647615158762406
5 9 105.60303025955268
9 5 105.60303025955268
5 10 40.36087214122113
10 5 40.36087214122113
5 11 29.5296461204668
11 5 29.5296461204668
5 12 36.61966684720111
12 5 36.61966684720111
5 13 17.11724276862369
13 5 17.11724276862369
5 14 45.34313619501854
14 5 45.34313619501854
5 15 29.698484809834994
15 5 29.698484809834994
5 16 30.265491900843113
16 5 30.265491900843113
5 17 92.43916918709297
17 5 92.43916918709297
5 18 70.71067811865476
18 5 70.71067811865476
5 19 54.45181356024793
19 5 54.45181356024793
5 20 97.0
20 5 97.0
5 21 66.60330322138685
21 5 66.60330322138685
5 22 69.00724599634447
22 5 69.00724599634447
5 23 70.06425622241343
23 5 70.06425622241343
5 24 59.07622195096772
24 5 59.07622195096772
5 25 20.12461179749811
25 5 20.12461179749811
5 26 61.35144660071187
26 5 61.35144660071187
5 27 48.83646178829912
27 5 48.83646178829912
5 28 70.61161377563892
28 5 70.61161377563892
5 29 55.226805085936306
29 5 55.226805085936306
5 30 18.35755975068582
30 5 18.35755975068582
5 31 72.99315036357864
31 5 72.99315036357864
5 32 62.51399843235114
32 5 62.51399843235114
5 33 50.44799302251776
33 5 50.44799302251776
5 34 51.78802950489621
34 5 51.78802950489621
5 35 86.21484790916237
35 5 86.21484790916237
5 36 87.23531395025755
36 5 87.23531395025755
5 37 82.76472678623425
37 5 82.76472678623425
5 38 70.178344238091
38 5 70.178344238091
5 39 61.26989472816156
39 5 61.26989472816156
5 40 61.1310068623117
40 5 61.1310068623117
5 41 65.62011886609167
41 5 65.62011886609167
5 42 88.88756943465155
42 5 88.88756943465155
5 43 54.037024344425184
43 5 54.037024344425184
5 44 55.17245689653489
44 5 55.17245689653489
5 45 68.30812543175226
45 5 68.30812543175226
5 46 72.2357252334328
46 5 72.2357252334328
5 47 46.0
47 5 46.0
5 48 16.1245154965971
48 5 16.1245154965971
5 49 92.13576938409967
49 5 92.13576938409967
5 50 56.0357029044876
50 5 56.0357029044876
6 7 58.69412236331676
7 6 58.69412236331676
6 8 35.510561809129406
8 6 35.510561809129406
6 9 86.00581375697809
9 6 86.00581375697809
6 10 22.0
10 6 22.0
6 11 26.40075756488817
11 6 26.40075756488817
6 12 56.79788728465171
12 6 56.79788728465171
6 13 13.341664064126334
13 6 13.341664064126334
6 14 25.317977802344327
14 6 25.317977802344327
6 15 18.35755975068582
15 6 18.35755975068582
6 16 1.0
16 6 1.0
6 17 76.15773105863909
17 6 76.15773105863909
6 18 40.311288741492746
18 6 40.311288741492746
6 19 26.832815729997478
19 6 26.832815729997478
6 20 75.59100475585703
20 6 75.59100475585703
6 21 47.12748667179272
21 6 47.12748667179272
6 22 39.20459156782532
22 6 39.20459156782532
6 23 40.792156108742276
23 6 40.792156108742276
6 24 29.068883707497267
24 6 29.068883707497267
6 25 24.698178070456937
25 6 24.698178070456937
6 26 72.86288492778748
26 6 72.86288492778748
6 27 47.853944456021594
27 6 47.853944456021594
6 28 65.73431371817918
28 6 65.73431371817918
6 29 36.6742416417845
29 6 36.6742416417845
6 30 40.52159917870962
30 6 40.52159917870962
6 31 45.31004303683677
31 6 45.31004303683677
6 32 61.09828148156051
32 6 61.09828148156051
6 33 28.460498941515414
33 6 28.460498941515414
6 34 21.37755832643195
34 6 21.37755832643195
6 35 67.06713054842886
35 6 67.06713054842886
6 36 72.83543093852057
36 6 72.83543093852057
6 37 70.178344238091
37 6 70.178344238091
6 38 69.6419413859206
38 6 69.6419413859206
6 39 50.08991914547278
39 6 50.08991914547278
6 40 61.741396161732524
40 6 61.741396161732524
6 41 71.56116265125938
41 6 71.56116265125938
6 42 80.09993757800315
42 6 80.09993757800315
6 43 58.52349955359813
43 6 58.52349955359813
6 44 34.48187929913333
44 6 34.48187929913333
6 45 60.67124524847005
45 6 60.67124524847005
6 46 43.04648650006177
46 6 43.04648650006177
6 47 50.80354318352215
47 6 50.80354318352215
6 48 15.652475842498529
48 6 15.652475842498529
6 49 78.63841300535
49 6 78.63841300535
6 50 58.180752831155424
50 6 58.180752831155424
7 8 27.459060435491963
8 7 27.459060435491963
7 9 32.64965543462902
9 7 32.64965543462902
7 10 37.107950630558946
10 7 37.107950630558946
7 11 44.654227123532216
11 7 44.654227123532216
7 12 68.47627326307996
12 7 68.47627326307996
7 13 64.8459713474939
13 7 64.8459713474939
7 14 33.37663853655727
14 7 33.37663853655727
7 15 45.69463863518345
15 7 45.69463863518345
7 16 59.682493245507096
16 7 59.682493245507096
7 17 18.35755975068582
17 7 18.35755975068582
7 18 61.40032573203501
18 7 61.40032573203501
7 19 71.58910531638176
19 7 71.58910531638176
7 20 27.51363298439521
20 7 27.51363298439521
7 21 13.92838827718412
21 7 13.92838827718412
7 22 68.87670143089025
22 7 68.87670143089025
7 23 72.91776189653656
23 7 72.91776189653656
7 24 63.245553203367585
24 7 63.245553203367585
7 25 54.08326913195984
25 7 54.08326913195984
7 26 59.21148537234985
26 7 59.21148537234985
7 27 33.54101966249684
27 7 33.54101966249684
7 28 24.73863375370596
28 7 24.73863375370596
7 29 22.090722034374522
29 7 22.090722034374522
7 30 67.17886572427373
30 7 67.17886572427373
7 31 81.93900170248598
31 7 81.93900170248598
7 32 31.016124838541646
32 7 31.016124838541646
7 33 31.0
33 7 31.0
7 34 55.31726674375732
34 7 55.31726674375732
7 35 14.866068747318506
35 7 14.866068747318506
7 36 14.142135623730951
36 7 14.142135623730951
7 37 12.649110640673518
37 7 12.649110640673518
7 38 34.713109915419565
38 7 34.713109915419565
7 39 14.422205101855956
39 7 14.422205101855956
7 40 35.05709628591621
40 7 35.05709628591621
7 41 48.041648597857254
41 7 48.041648597857254
7 42 25.553864678361276
42 7 25.553864678361276
7 43 41.97618372363071
43 7 41.97618372363071
7 44 25.019992006393608
44 7 25.019992006393608
7 45 18.110770276274835
45 7 18.110770276274835
7 46 45.60701700396552
46 7 45.60701700396552
7 47 42.5440947723653
47 7 42.5440947723653
7 48 68.9492567037528
48 7 68.9492567037528
7 49 20.024984394500787
49 7 20.024984394500787
7 50 37.656340767525464
50 7 37.656340767525464
8 9 59.464274989274024
9 8 59.464274989274024
8 10 14.317821063276353
10 8 14.317821063276353
8 11 17.204650534085253
11 8 17.204650534085253
8 12 46.09772228646444
12 8 46.09772228646444
8 13 38.63935817272331
13 8 38.63935817272331
8 14 14.142135623730951
14 8 14.142135623730951
8 15 19.235384061671343
15 8 19.235384061671343
8 16 36.49657518178932
16 8 36.49657518178932
8 17 45.79301256742124
17 8 45.79301256742124
8 18 54.91812087098393
18 8 54.91812087098393
8 19 55.758407437802596
19 8 55.758407437802596
8 20 52.009614495783374
20 8 52.009614495783374
8 21 22.360679774997898
21 8 22.360679774997898
8 22 59.54829972383762
22 8 59.54829972383762
8 23 62.96824596572466
23 8 62.96824596572466
8 24 50.93132631298737
24 8 50.93132631298737
8 25 26.627053911388696
25 8 26.627053911388696
8 26 47.53945729601885
26 8 47.53945729601885
8 27 17.0
27 8 17.0
8 28 30.364452901377952
28 8 30.364452901377952
8 29 13.038404810405298
29 8 13.038404810405298
8 30 40.80441152620633
30 8 40.80441152620633
8 31 70.76722405181653
31 8 70.76722405181653
8 32 27.202941017470888
32 8 27.202941017470888
8 33 17.0
33 8 17.0
8 34 41.10960958218893
34 8 41.10960958218893
8 35 40.311288741492746
35 8 40.311288741492746
8 36 40.718546143004666
36 8 40.718546143004666
8 37 36.68787265568828
37 8 36.68787265568828
8 38 35.510561809129406
38 8 35.510561809129406
8 39 15.297058540778355
39 8 15.297058540778355
8 40 29.0
40 8 29.0
8 41 41.400483088968905
41 8 41.400483088968905
8 42 45.044422518220834
42 8 45.044422518220834
8 43 29.5296461204668
43 8 29.5296461204668
8 44 16.1245154965971
44 8 16.1245154965971
8 45 25.179356624028344
45 8 25.179356624028344
8 46 44.9221548904324
46 8 44.9221548904324
8 47 24.73863375370596
47 8 24.73863375370596
8 48 42.7551166528639
48 8 42.7551166528639
8 49 45.880278987817846
49 8 45.880278987817846
8 50 27.202941017470888
50 8 27.202941017470888
9 10 66.37017402418047
10 9 66.37017402418047
9 11 76.57675887630658
11 9 76.57675887630658
9 12 100.70253224224304
12 9 100.70253224224304
9 13 94.51454914456292
13 9 94.51454914456292
9 14 61.773780845922005
14 9 61.773780845922005
9 15 76.27581530209953
15 9 76.27581530209953
9 16 86.92525524840292
16 9 86.92525524840292
9 17 16.76305461424021
17 9 16.76305461424021
9 18 74.24284477308234
18 9 74.24284477308234
9 19 91.54780172128658
19 9 91.54780172128658
9 20 12.041594578792296
20 9 12.041594578792296
9 21 39.44616584663204
21 9 39.44616584663204
9 22 83.15046602394962
22 9 83.15046602394962
9 23 87.20665112249179
23 9 87.20665112249179
9 24 81.15417426109393
24 9 81.15417426109393
9 25 85.9127464349732
25 9 85.9127464349732
9 26 87.93179174792243
26 9 87.93179174792243
9 27 65.73431371817918
27 9 65.73431371817918
9 28 51.24451190127583
28 9 51.24451190127583
9 29 50.774009099144415
29 9 50.774009099144415
9 30 99.76472322419383
30 9 99.76472322419383
9 31 96.33275663033837
31 9 96.33275663033837
9 32 60.166435825965294
32 9 60.166435825965294
9 33 57.697486947006624
33 9 57.697486947006624
9 34 76.11832893594026
34 9 76.11832893594026
9 35 19.4164878389476
35 9 19.4164878389476
9 36 24.041630560342615
36 9 24.041630560342615
9 37 30.364452901377952
37 9 30.364452901377952
9 38 60.63827174318213
38 9 60.63827174318213
9 39 47.01063709417264
39 9 47.01063709417264
9 40 64.25729530566937
40 9 64.25729530566937
9 41 75.43208866258443
41 9 75.43208866258443
9 42 38.01315561749642
42 9 38.01315561749642
9 43 72.49827584156743
43 9 72.49827584156743
9 44 51.884487084291386
44 9 51.884487084291386
9 45 47.01063709417264
45 9 47.01063709417264
9 46 57.07889277132134
46 9 57.07889277132134
9 47 74.43117626371358
47 9 74.43117626371358
9 48 98.48857801796105
48 9 98.48857801796105
9 49 24.020824298928627
49 9 24.020824298928627
9 50 68.0294054067798
50 9 68.0294054067798
10 11 16.0312195418814
11 10 16.0312195418814
10 12 51.088159097779204
12 10 51.088159097779204
10 13 28.178005607210743
13 10 28.178005607210743
10 14 5.0
14 10 5.0
10 15 10.816653826391969
15 10 10.816653826391969
10 16 23.0
16 10 23.0
10 17 55.02726596879042
17 10 55.02726596879042
10 18 43.46262762420146
18 10 43.46262762420146
10 19 41.617304093369626
19 10 41.617304093369626
10 20 57.0087712549569
20 10 57.0087712549569
10 21 26.92582403567252
21 10 26.92582403567252
10 22 46.87216658103186
22 10 46.87216658103186
10 23 50.0
23 10 50.0
10 24 37.64306044943742
24 10 37.64306044943742
10 25 22.847319317591726
25 10 22.847319317591726
10 26 58.83026432033091
26 10 58.83026432033091
10 27 29.698484809834994
27 10 29.698484809834994
10 28 44.598206241955516
28 10 44.598206241955516
10 29 15.652475842498529
29 10 15.652475842498529
10 30 40.52159917870962
30 10 40.52159917870962
10 31 57.3149195236284
31 10 57.3149195236284
10 32 41.340053217188775
32 10 41.340053217188775
10 33 10.295630140987
33 10 10.295630140987
10 34 27.65863337187866
34 10 27.65863337187866
10 35 47.01063709417264
35 10 47.01063709417264
10 36 51.19570294468082
36 10 51.19570294468082
10 37 48.25971404805462
37 10 48.25971404805462
10 38 49.73932046178355
38 10 49.73932046178355
10 39 28.160255680657446
39 10 28.160255680657446
10 40 42.80186911806539
40 10 42.80186911806539
10 41 54.45181356024793
41 10 54.45181356024793
10 42 58.137767414994535
42 10 58.137767414994535
10 43 41.86884283091664
43 10 41.86884283091664
10 44 14.866068747318506
44 10 14.866068747318506
10 45 39.05124837953327
45 10 39.05124837953327
10 46 37.0
46 10 37.0
10 47 35.510561809129406
47 10 35.510561809129406
10 48 32.202484376209235
48 10 32.202484376209235
10 49 56.88585061331157
49 10 56.88585061331157
10 50 40.311288741492746
50 10 40.311288741492746
11 12 35.22782990761707
12 11 35.22782990761707
11 13 24.186773244895647
13 11 24.186773244895647
11 14 20.396078054371138
14 11 20.396078054371138
11 15 8.602325267042627
15 11 8.602325267042627
11 16 27.202941017470888
16 11 27.202941017470888
11 17 62.96824596572466
17 11 62.96824596572466
11 18 58.240879114244144
18 11 58.240879114244144
11 19 51.85556864985669
19 11 51.85556864985669
11 20 68.6804193347711
20 11 68.6804193347711
11 21 38.41874542459709
21 11 38.41874542459709
11 22 60.41522986797286
22 11 60.41522986797286
11 23 63.06346010171025
23 11 63.06346010171025
11 24 50.53711507397311
24 11 50.53711507397311
11 25 9.433981132056603
25 11 9.433981132056603
11 26 46.69047011971501
26 11 46.69047011971501
11 27 22.561028345356956
27 11 22.561028345356956
11 28 43.01162633521314
28 11 43.01162633521314
11 29 27.459060435491963
29 11 27.459060435491963
11 30 25.079872407968907
30 11 25.079872407968907
11 31 69.33974329343886
31 11 69.33974329343886
11 32 36.49657518178932
32 11 36.49657518178932
11 33 25.709920264364882
33 11 25.709920264364882
11 34 40.718546143004666
34 11 40.718546143004666
11 35 57.3149195236284
35 11 57.3149195236284
11 36 57.706152185014034
36 11 57.706152185014034
11 37 53.31041174104736
37 11 53.31041174104736
11 38 44.91102314577124
38 11 44.91102314577124
11 39 31.78049716414141
39 11 31.78049716414141
11 40 36.40054944640259
40 11 36.40054944640259
11 41 45.27692569068709
41 11 45.27692569068709
11 42 60.207972893961475
42 11 60.207972893961475
11 43 32.2490309931942
43 11 32.2490309931942
11 44 28.635642126552707
44 11 28.635642126552707
11 45 39.6232255123179
45 11 39.6232255123179
11 46 53.009433122794285
46 11 53.009433122794285
11 47 24.413111231467404
47 11 24.413111231467404
11 48 28.071337695236398
48 11 28.071337695236398
11 49 62.64982043070834
49 11 62.64982043070834
11 50 32.31098884280702
50 11 32.31098884280702
12 13 47.20169488482379
13 12 47.20169488482379
12 14 55.0
14 12 55.0
12 15 42.95346318982906
15 12 42.95346318982906
12 16 57.245087125446844
16 12 57.245087125446844
12 17 84.62860036654276
17 12 84.62860036654276
12 18 93.17188417113823
18 12 93.17188417113823
12 19 83.6301381082203
19 12 83.6301381082203
12 20 95.70788891204319
20 12 95.70788891204319
12 21 68.00735254367721
21 12 68.00735254367721
12 22 94.5568612000208
22 12 94.5568612000208
12 23 96.79876032264049
23 12 96.79876032264049
12 24 84.43340571124678
24 12 84.43340571124678
12 25 32.31098884280702
25 12 32.31098884280702
12 26 28.0178514522438
26 12 28.0178514522438
12 27 34.9857113690718
27 12 34.9857113690718
12 28 53.075418038862395
28 12 53.075418038862395
12 29 59.033888572581766
29 12 59.033888572581766
12 30 18.439088914585774
30 12 18.439088914585774
12 31 102.04410811016969
31 12 102.04410811016969
12 32 43.18564576337837
32 12 43.18564576337837
12 33 60.03332407921454
33 12 60.03332407921454
12 34 75.0
34 12 75.0
12 35 83.18653737234169
35 12 83.18653737234169
12 36 77.80102827083971
36 12 77.80102827083971
12 37 71.84010022264724
37 12 71.84010022264724
12 38 47.70744176750625
38 12 47.70744176750625
12 39 54.120236510939236
39 12 54.120236510939236
12 40 39.824615503479755
40 12 39.824615503479755
12 41 37.0
41 12 37.0
12 42 72.34638899074369
42 12 72.34638899074369
12 43 30.610455730027933
43 12 30.610455730027933
12 44 61.5223536610881
44 12 61.5223536610881
12 45 54.67174773134658
45 12 54.67174773134658
12 46 88.05112151472007
46 12 88.05112151472007
12 47 26.40075756488817
47 12 26.40075756488817
12 48 48.91829923454004
48 12 48.91829923454004
12 49 80.8084154033477
49 12 80.8084154033477
12 50 34.713109915419565
50 12 34.713109915419565
13 14 32.7566787083184
14 13 32.7566787083184
13 15 19.4164878389476
15 13 19.4164878389476
13 16 13.152946437965905
16 13 13.152946437965905
13 17 83.00602387778854
17 13 83.00602387778854
13 18 53.600373133029585
18 13 53.600373133029585
13 19 38.07886552931954
19 13 38.07886552931954
13 20 84.87638069569178
20 13 84.87638069569178
13 21 55.072679252057455
21 13 55.072679252057455
13 22 52.009614495783374
22 13 52.009614495783374
13 23 53.23532661682466
23 13 53.23532661682466
13 24 42.01190307520001
24 13 42.01190307520001
13 25 17.88854381999832
25 13 17.88854381999832
13 26 67.11929677819934
26 13 67.11929677819934
13 27 46.69047011971501
27 13 46.69047011971501
13 28 67.02984409947557
28 13 67.02984409947557
13 29 43.829214001622255
29 13 43.829214001622255
13 30 29.5296461204668
30 13 29.5296461204668
13 31 56.753854494650845
31 13 56.753854494650845
13 32 60.67124524847005
32 13 60.67124524847005
13 33 37.20215047547655
33 13 37.20215047547655
13 34 34.713109915419565
34 13 34.713109915419565
13 35 75.17978451685
35 13 75.17978451685
13 36 78.74642849044012
36 13 78.74642849044012
13 37 75.18643494673756
37 13 75.18643494673756
13 38 69.05070600652827
38 13 69.05070600652827
13 39 53.9351462406472
39 13 53.9351462406472
13 40 60.41522986797286
40 13 60.41522986797286
13 41 68.15423684555495
41 13 68.15423684555495
13 42 83.48652585896721
42 13 83.48652585896721
13 43 55.362442142665635
43 13 55.362442142665635
13 44 42.720018726587654
44 13 42.720018726587654
13 45 63.12685640834652
45 13 63.12685640834652
13 46 55.90169943749474
46 13 55.90169943749474
13 47 47.16990566028302
47 13 47.16990566028302
13 48 4.123105625617661
48 13 4.123105625617661
13 49 84.20213774008353
49 13 84.20213774008353
13 50 56.04462507680822
50 13 56.04462507680822
14 15 15.811388300841896
15 14 15.811388300841896
14 16 26.30589287593181
16 14 26.30589287593181
14 17 50.96076922496363
17 14 50.96076922496363
14 18 41.182520563948
18 14 41.182520563948
14 19 42.05948168962618
19 14 42.05948168962618
14 20 52.20153254455275
20 14 52.20153254455275
14 21 22.360679774997898
21 14 22.360679774997898
14 22 45.45327270945405
22 14 45.45327270945405
14 23 48.83646178829912
23 14 48.83646178829912
14 24 36.796738985948195
24 14 36.796738985948195
14 25 27.730849247724095
25 14 27.730849247724095
14 26 60.8276253029822
26 14 60.8276253029822
14 27 30.805843601498726
27 14 30.805843601498726
14 28 43.382023926967726
28 14 43.382023926967726
14 29 11.40175425099138
29 14 11.40175425099138
14 30 45.221676218380054
30 14 45.221676218380054
14 31 56.639209034025185
31 14 56.639209034025185
14 32 41.23105625617661
32 14 41.23105625617661
14 33 5.385164807134504
33 14 5.385164807134504
14 34 27.018512172212592
34 14 27.018512172212592
14 35 42.485291572496
35 14 42.485291572496
14 36 47.51841748206689
36 14 47.51841748206689
14 37 45.0111097397076
37 14 45.0111097397076
14 38 49.4064773081425
38 14 49.4064773081425
14 39 25.96150997149434
39 14 25.96150997149434
14 40 43.139309220245984
40 14 43.139309220245984
14 41 55.44366510251645
41 14 55.44366510251645
14 42 55.57877292636101
42 14 55.57877292636101
14 43 43.266615305567875
43 14 43.266615305567875
14 44 10.0
44 14 10.0
14 45 37.33630940518894
45 14 37.33630940518894
14 46 33.13608305156178
46 14 33.13608305156178
14 47 37.57658845611187
47 14 37.57658845611187
14 48 36.71511950137164
48 14 36.71511950137164
14 49 53.33854141237835
49 14 53.33854141237835
14 50 41.23105625617661
50 14 41.23105625617661
15 16 19.235384061671343
16 15 19.235384061671343
15 17 63.97655820689325
17 15 63.97655820689325
15 18 50.21951811795888
18 15 50.21951811795888
15 19 43.278170016764804
19 15 43.278170016764804
15 20 67.35725647619564
20 15 67.35725647619564
15 21 37.013511046643494
21 15 37.013511046643494
15 22 52.0
22 15 52.0
15 23 54.56189146281496
23 15 54.56189146281496
15 24 42.04759208325728
24 15 42.04759208325728
15 25 12.36931687685298
25 15 12.36931687685298
15 26 55.226805085936306
26 15 55.226805085936306
15 27 29.546573405388315
27 15 29.546573405388315
15 28 48.373546489791295
28 15 48.373546489791295
15 29 25.612496949731394
29 15 25.612496949731394
15 30 30.4138126514911
30 15 30.4138126514911
15 31 60.74537019394976
31 15 60.74537019394976
15 32 43.01162633521314
32 15 43.01162633521314
15 33 21.095023109728988
33 15 21.095023109728988
15 34 32.31098884280702
34 15 32.31098884280702
15 35 56.859475903318
35 15 56.859475903318
15 36 59.464274989274024
36 15 59.464274989274024
15 37 55.78530272392541
37 15 55.78530272392541
15 38 51.54609587543949
38 15 51.54609587543949
15 39 34.52535300326414
39 15 34.52535300326414
15 40 43.46262762420146
40 15 43.46262762420146
15 41 53.25410782277739
41 15 53.25410782277739
15 42 64.19501538281614
42 15 64.19501538281614
15 43 40.22437072223753
43 15 40.22437072223753
15 44 25.495097567963924
44 15 25.495097567963924
15 45 44.0
45 15 44.0
15 46 46.389654018972806
46 15 46.389654018972806
15 47 32.64965543462902
47 15 32.64965543462902
15 48 23.53720459187964
48 15 23.53720459187964
15 49 64.8459713474939
49 15 64.8459713474939
15 50 39.824615503479755
50 15 39.824615503479755
16 17 77.12976079309465
17 16 77.12976079309465
16 18 40.44749683231337
18 16 40.44749683231337
16 19 26.40075756488817
19 16 26.40075756488817
16 20 76.47875521999558
20 16 76.47875521999558
16 21 48.08326112068523
21 16 48.08326112068523
16 22 39.11521443121589
22 16 39.11521443121589
16 23 40.607881008493905
23 16 40.607881008493905
16 24 29.017236257093817
24 16 29.017236257093817
16 25 25.238858928247925
25 16 25.238858928247925
16 26 73.59347797189639
26 16 73.59347797189639
16 27 48.75448697299562
27 16 48.75448697299562
16 28 66.70832032063167
28 16 66.70832032063167
16 29 37.656340767525464
29 16 37.656340767525464
16 30 40.80441152620633
30 16 40.80441152620633
16 31 44.94441010848846
31 16 44.94441010848846
16 32 62.03224967708329
32 16 62.03224967708329
16 33 29.410882339705484
33 16 29.410882339705484
16 34 21.587033144922902
34 16 21.587033144922902
16 35 68.00735254367721
35 16 68.00735254367721
16 36 73.824115301167
36 16 73.824115301167
16 37 71.17583859709698
37 16 71.17583859709698
16 38 70.57619995437555
38 16 70.57619995437555
16 39 51.088159097779204
39 16 51.088159097779204
16 40 62.64982043070834
40 16 62.64982043070834
16 41 72.40165743959182
41 16 72.40165743959182
16 42 81.09870529176159
42 16 81.09870529176159
16 43 59.36328831862332
43 16 59.36328831862332
16 44 35.4400902933387
44 16 35.4400902933387
16 45 61.66036003787198
45 16 61.66036003787198
16 46 43.56604182158393
46 16 43.56604182158393
16 47 51.61395160225576
47 16 51.61395160225576
16 48 15.231546211727817
48 16 15.231546211727817
16 49 79.63039620647382
49 16 79.63039620647382
16 50 59.0592922409336
50 16 59.0592922409336
17 18 72.42237223399962
18 17 72.42237223399962
17 19 86.20904824900923
19 17 86.20904824900923
17 20 18.384776310850235
20 17 18.384776310850235
17 21 29.274562336608895
21 17 29.274562336608895
17 22 80.77747210701756
22 17 80.77747210701756
17 23 84.8999411071645
23 17 84.8999411071645
17 24 76.79192665899195
24 17 76.79192665899195
17 25 72.40165743959182
25 17 72.40165743959182
17 26 71.16881339463234
26 17 71.16881339463234
17 27 49.8196748283246
27 17 49.8196748283246
17 28 34.48187929913333
28 17 34.48187929913333
17 29 39.56008088970496
29 17 39.56008088970496
17 30 84.95881355103778
30 17 84.95881355103778
17 31 94.11163583744573
31 17 94.11163583744573
17 32 43.46262762420146
32 17 43.46262762420146
17 33 47.853944456021594
33 17 47.853944456021594
17 34 70.06425622241343
34 17 70.06425622241343
17 35 12.083045973594572
35 17 12.083045973594572
17 36 7.280109889280518
36 17 7.280109889280518
17 37 13.601470508735444
37 17 13.601470508735444
17 38 43.93176527297759
38 17 43.93176527297759
17 39 31.89043743820395
39 17 31.89043743820395
17 40 47.53945729601885
40 17 47.53945729601885
17 41 58.69412236331676
41 17 58.69412236331676
17 42 22.80350850198276
42 17 22.80350850198276
17 43 55.90169943749474
43 17 55.90169943749474
17 44 41.773197148410844
44 17 41.773197148410844
17 45 30.4138126514911
45 17 30.4138126514911
17 46 55.362442142665635
46 17 55.362442142665635
17 47 58.249463516842795
47 17 58.249463516842795
17 48 87.09190547921202
48 17 87.09190547921202
17 49 8.94427190999916
49 17 8.94427190999916
17 50 51.42956348249516
50 17 51.42956348249516
18 19 23.345235059857504
19 18 23.345235059857504
18 20 62.20128616033595
20 18 62.20128616033595
18 21 47.70744176750625
21 18 47.70744176750625
18 22 9.055385138137417
22 18 9.055385138137417
18 23 13.0
23 18 13.0
18 24 13.038404810405298
24 18 13.038404810405298
18 25 61.5223536610881
25 18 61.5223536610881
18 26 102.0
26 18 102.0
18 27 71.8679344353238
27 18 71.8679344353238
18 28 80.65977932030313
28 18 80.65977932030313
18 29 45.27692569068709
29 18 45.27692569068709
18 30 79.22752047110903
30 18 79.22752047110903
18 31 22.090722034374522
31 18 22.090722034374522
18 32 80.91971329657564
32 18 80.91971329657564
18 33 38.01315561749642
33 18 38.01315561749642
18 34 19.026297590440446
34 18 19.026297590440446
18 35 60.440052945046304
35 18 60.440052945046304
18 36 73.00684899377592
36 18 73.00684899377592
18 37 73.824115301167
37 18 73.824115301167
18 38 88.45903006477066
38 18 88.45903006477066
18 39 62.24146527838174
39 18 62.24146527838174
18 40 83.40863264674707
40 18 83.40863264674707
18 41 96.26006440887103
41 18 96.26006440887103
18 42 86.95401083331349
42 18 86.95401083331349
18 43 84.38009243891595
43 18 84.38009243891595
18 44 41.036569057366385
44 18 41.036569057366385
18 45 73.66138744281159
45 18 73.66138744281159
18 46 17.26267650163207
46 18 17.26267650163207
18 47 78.71467461661771
47 18 78.71467461661771
18 48 55.31726674375732
48 18 55.31726674375732
18 49 78.92401408950256
49 18 78.92401408950256
18 50 82.09750300709517
50 18 82.09750300709517
19 20 79.76214641043707
20 19 79.76214641043707
19 21 57.87054518492115
21 19 57.87054518492115
19 22 17.0
22 19 17.0
19 23 16.492422502470642
23 19 16.492422502470642
19 24 11.180339887498949
24 19 11.180339887498949
19 25 51.478150704935004
25 19 51.478150704935004
19 26 98.49365461794989
26 19 98.49365461794989
19 27 71.06335201775947
27 19 71.06335201775947
19 28 85.42247947700886
28 19 85.42247947700886
19 29 50.92150822589606
29 19 50.92150822589606
19 30 67.06713054842886
30 19 67.06713054842886
19 31 18.681541692269406
31 19 18.681541692269406
19 32 82.92767933567175
32 19 82.92767933567175
19 33 41.78516483155236
33 19 41.78516483155236
19 34 16.278820596099706
34 19 16.278820596099706
19 35 75.0066663703967
35 19 75.0066663703967
19 36 85.0
36 19 85.0
19 37 84.17244204607586
37 19 84.17244204607586
19 38 91.26883367283708
38 19 91.26883367283708
19 39 67.62396025078685
39 19 67.62396025078685
19 40 84.40379138403677
40 19 84.40379138403677
19 41 95.67131231461184
41 19 95.67131231461184
19 42 96.16652224137046
42 19 96.16652224137046
19 43 82.80700453464067
43 19 82.80700453464067
19 44 47.12748667179272
44 19 47.12748667179272
19 45 79.20227269466452
45 19 79.20227269466452
19 46 36.40054944640259
46 19 36.40054944640259
19 47 75.66372975210778
47 19 75.66372975210778
19 48 38.3275357934736
48 19 38.3275357934736
19 49 91.0823802938856
49 19 91.0823802938856
19 50 81.68843247363729
50 19 81.68843247363729
20 21 30.4138126514911
21 20 30.4138126514911
20 22 71.11258679024411
22 20 71.11258679024411
20 23 75.16648189186454
23 20 75.16648189186454
20 24 69.26037828369117
24 20 69.26037828369117
20 25 77.79460135510689
25 20 77.79460135510689
20 26 86.14522621712709
26 20 86.14522621712709
20 27 60.92618484691127
27 20 60.92618484691127
20 28 50.08991914547278
28 20 50.08991914547278
20 29 41.773197148410844
29 20 41.773197148410844
20 30 92.80086206496145
30 20 92.80086206496145
20 31 84.29116205154607
31 20 84.29116205154607
20 32 57.87054518492115
32 20 57.87054518492115
20 33 47.70744176750625
33 20 47.70744176750625
20 34 64.53681120105021
34 20 64.53681120105021
20 35 12.649110640673518
35 20 12.649110640673518
20 36 24.515301344262525
36 20 24.515301344262525
20 37 30.14962686336267
37 20 30.14962686336267
20 38 60.03332407921454
38 20 60.03332407921454
20 39 41.6293165929973
39 20 41.6293165929973
20 40 61.98386886924694
40 20 61.98386886924694
20 41 74.33034373659252
41 20 74.33034373659252
20 42 41.10960958218893
42 20 41.10960958218893
20 43 69.3757882838098
43 20 69.3757882838098
20 44 42.20189569201838
44 20 42.20189569201838
20 45 44.553338819890925
45 20 44.553338819890925
20 46 45.044422518220834
46 20 45.044422518220834
20 47 70.00714249274856
47 20 70.00714249274856
20 48 88.75246475450696
48 20 88.75246475450696
20 49 27.313000567495326
49 20 27.313000567495326
20 50 65.0
50 20 65.0
21 22 55.00909015790027
22 21 55.00909015790027
21 23 59.033888572581766
23 21 59.033888572581766
21 24 49.33558553417604
24 21 49.33558553417604
21 25 47.4236228055175
25 21 47.4236228055175
21 26 64.4980619863884
26 21 64.4980619863884
21 27 35.05709628591621
27 21 35.05709628591621
21 28 34.66987164671943
28 21 34.66987164671943
21 29 11.40175425099138
29 21 11.40175425099138
21 30 62.96824596572466
30 21 62.96824596572466
21 31 68.0294054067798
31 21 68.0294054067798
21 32 37.94733192202055
32 21 37.94733192202055
21 33 18.681541692269406
33 21 18.681541692269406
21 34 41.593268686170845
34 21 41.593268686170845
21 35 20.12461179749811
35 21 20.12461179749811
21 36 27.16615541441225
36 21 27.16615541441225
21 37 26.570660511172846
37 21 26.570660511172846
21 38 43.829214001622255
38 21 43.829214001622255
21 39 17.72004514666935
39 21 17.72004514666935
21 40 41.48493702538308
40 21 41.48493702538308
21 41 55.08175741568164
41 21 55.08175741568164
21 42 39.35733730830886
42 21 39.35733730830886
21 43 46.17358552246078
43 21 46.17358552246078
21 44 12.649110640673518
44 21 12.649110640673518
21 45 27.459060435491963
45 21 27.459060435491963
21 46 32.526911934581186
46 21 32.526911934581186
21 47 44.181444068749045
47 21 44.181444068749045
21 48 59.0592922409336
48 21 59.0592922409336
21 49 33.24154027718932
49 21 33.24154027718932
21 50 42.42640687119285
50 21 42.42640687119285
22 23 4.123105625617661
23 22 4.123105625617661
22 24 10.198039027185569
24 22 10.198039027185569
22 25 62.36184731067546
25 22 62.36184731067546
22 26 105.6882207249228
26 22 105.6882207249228
22 27 76.21679604916491
27 22 76.21679604916491
22 28 86.83317338436964
28 22 86.83317338436964
22 29 51.22499389946279
29 22 51.22499389946279
22 30 79.42921376924235
30 22 79.42921376924235
22 31 13.341664064126334
31 22 13.341664064126334
22 32 86.2670273047588
32 22 86.2670273047588
22 33 43.139309220245984
33 22 43.139309220245984
22 34 19.697715603592208
34 22 19.697715603592208
22 35 68.8839603971781
35 22 68.8839603971781
22 36 80.99382692526635
36 22 80.99382692526635
22 37 81.43709228600933
37 22 81.43709228600933
22 38 94.11163583744573
38 22 94.11163583744573
22 39 68.41052550594829
39 22 68.41052550594829
22 40 88.45903006477066
40 22 88.45903006477066
22 41 100.89598604503551
41 22 100.89598604503551
22 42 94.36630754670864
42 22 94.36630754670864
22 43 88.60022573334675
43 22 88.60022573334675
22 44 47.01063709417264
44 22 47.01063709417264
22 45 80.0
45 22 80.0
22 46 26.076809620810597
46 22 26.076809620810597
22 47 82.37718130647589
47 22 82.37718130647589
22 48 53.08483775994799
48 22 53.08483775994799
22 49 86.97700845625813
49 22 86.97700845625813
22 50 86.68333173107735
50 22 86.68333173107735
23 24 12.529964086141668
24 23 12.529964086141668
23 25 64.51356446515724
25 23 64.51356446515724
23 26 108.72442227944924
26 23 108.72442227944924
23 27 79.51100552753688
27 23 79.51100552753688
23 28 90.60353193998566
28 23 90.60353193998566
23 29 55.0
29 23 55.0
23 30 81.25269226308751
30 23 81.25269226308751
23 31 9.219544457292887
31 23 9.219544457292887
23 32 89.8276126811795
32 23 89.8276126811795
23 33 46.75467891024384
33 23 46.75467891024384
23 34 22.47220505424423
34 23 22.47220505424423
23 35 73.00684899377592
35 23 73.00684899377592
23 36 85.09406559801923
36 23 85.09406559801923
23 37 85.492689745966
37 23 85.492689745966
23 38 97.74456506629922
38 23 97.74456506629922
