customer location distance
1 2 89.98888820293314
2 1 89.98888820293314
1 3 40.311288741492746
3 1 40.311288741492746
1 4 27.85677655436824
4 1 27.85677655436824
1 5 108.18964830333815
5 1 108.18964830333815
1 6 32.01562118716424
6 1 32.01562118716424
1 7 69.35416353759881
7 1 69.35416353759881
1 8 78.29431652425353
8 1 78.29431652425353
1 9 67.47592163134935
9 1 67.47592163134935
1 10 90.91754506144565
10 1 90.91754506144565
1 11 10.0
11 1 10.0
1 12 59.682493245507096
12 1 59.682493245507096
1 13 95.46203433826454
13 1 95.46203433826454
1 14 18.973665961010276
14 1 18.973665961010276
1 15 81.04936767180853
15 1 81.04936767180853
1 16 59.413803110051795
16 1 59.413803110051795
1 17 71.34423592694787
17 1 71.34423592694787
1 18 16.97056274847714
18 1 16.97056274847714
1 19 58.215118311311535
19 1 58.215118311311535
1 20 29.427877939124322
20 1 29.427877939124322
1 21 83.00602387778854
21 1 83.00602387778854
1 22 34.36568055487916
22 1 34.36568055487916
1 23 68.59300255857006
23 1 68.59300255857006
1 24 73.06161783043132
24 1 73.06161783043132
1 25 61.220911460055866
25 1 61.220911460055866
1 26 57.271284253105414
26 1 57.271284253105414
1 27 27.073972741361768
27 1 27.073972741361768
1 28 30.0
28 1 30.0
1 29 54.12947441089743
29 1 54.12947441089743
1 30 72.91776189653656
30 1 72.91776189653656
1 31 23.706539182259394
31 1 23.706539182259394
1 32 69.42621983083913
32 1 69.42621983083913
1 33 7.211102550927978
33 1 7.211102550927978
1 34 76.4198926981712
34 1 76.4198926981712
1 35 55.362442142665635
35 1 55.362442142665635
1 36 53.9351462406472
36 1 53.9351462406472
1 37 39.293765408777
37 1 39.293765408777
1 38 73.43023900274328
38 1 73.43023900274328
1 39 78.31347265956222
39 1 78.31347265956222
1 40 41.23105625617661
40 1 41.23105625617661
1 41 51.419840528729765
41 1 51.419840528729765
1 42 27.65863337187866
42 1 27.65863337187866
1 43 59.665735560705194
43 1 59.665735560705194
1 44 87.14355971613737
44 1 87.14355971613737
1 45 17.08800749063506
45 1 17.08800749063506
1 46 77.89736837660179
46 1 77.89736837660179
1 47 53.36665625650534
47 1 53.36665625650534
1 48 90.44335243676011
48 1 90.44335243676011
1 49 18.027756377319946
49 1 18.027756377319946
1 50 92.11405973031478
50 1 92.11405973031478
2 3 50.32891812864648
3 2 50.32891812864648
2 4 97.04638066409278
4 2 97.04638066409278
2 5 53.9351462406472
5 2 53.9351462406472
2 6 62.07253821135398
6 2 62.07253821135398
2 7 34.9857113690718
7 2 34.9857113690718
2 8 18.867962264113206
8 2 18.867962264113206
2 9 25.0
9 2 25.0
2 10 70.0
10 2 70.0
2 11 82.37718130647589
11 2 82.37718130647589
2 12 42.5205832509386
12 2 42.5205832509386
2 13 47.92702786528704
13 2 47.92702786528704
2 14 93.13431161500041
14 2 93.13431161500041
2 15 93.40770846134703
15 2 93.40770846134703
2 16 50.15974481593781
16 2 50.15974481593781
2 17 29.5296461204668
17 2 29.5296461204668
2 18 82.76472678623425
18 2 82.76472678623425
2 19 40.311288741492746
19 2 40.311288741492746
2 20 82.21921916437786
20 2 82.21921916437786
2 21 32.802438933713454
21 2 32.802438933713454
2 22 92.65527507918802
22 2 92.65527507918802
2 23 23.600847442411894
23 2 23.600847442411894
2 24 29.5296461204668
24 2 29.5296461204668
2 25 41.78516483155236
25 2 41.78516483155236
2 26 35.014282800023196
26 2 35.014282800023196
2 27 65.0
27 2 65.0
2 28 61.465437442517235
28 2 61.465437442517235
2 29 38.0
29 2 38.0
2 30 42.01190307520001
30 2 42.01190307520001
2 31 67.08203932499369
31 2 67.08203932499369
2 32 50.21951811795888
32 2 50.21951811795888
2 33 96.84007434941384
33 2 96.84007434941384
2 34 32.89376840679705
34 2 32.89376840679705
2 35 73.92563831310488
35 2 73.92563831310488
2 36 101.53324578678651
36 2 101.53324578678651
2 37 78.44743462982075
37 2 78.44743462982075
2 38 65.43699259593154
38 2 65.43699259593154
2 39 97.082439194738
39 2 97.082439194738
2 40 57.42821606144492
40 2 57.42821606144492
2 41 79.71198153351854
41 2 79.71198153351854
2 42 62.36184731067546
42 2 62.36184731067546
2 43 30.364452901377952
43 2 30.364452901377952
2 44 28.0
44 2 28.0
2 45 73.00684899377592
45 2 73.00684899377592
2 46 66.52818951391959
46 2 66.52818951391959
2 47 49.49747468305833
47 2 49.49747468305833
2 48 86.31338250816034
48 2 86.31338250816034
2 49 81.2219182240853
49 2 81.2219182240853
2 50 27.51363298439521
50 2 27.51363298439521
3 4 54.230987451824994
4 3 54.230987451824994
3 5 80.06247560499239
5 3 80.06247560499239
3 6 21.213203435596427
6 3 21.213203435596427
3 7 31.38470965295043
7 3 31.38470965295043
3 8 41.773197148410844
8 3 41.773197148410844
3 9 27.16615541441225
9 3 27.16615541441225
3 10 74.16872656315464
10 3 74.16872656315464
3 11 34.132096331752024
11 3 34.132096331752024
3 12 23.600847442411894
12 3 23.600847442411894
3 13 68.0294054067798
13 3 68.0294054067798
3 14 47.80167361086848
14 3 47.80167361086848
3 15 79.71198153351854
15 3 79.71198153351854
3 16 38.01315561749642
16 3 38.01315561749642
3 17 38.27531841800928
17 3 38.27531841800928
3 18 32.7566787083184
18 3 32.7566787083184
3 19 20.591260281974
19 3 20.591260281974
3 20 42.43819034784589
20 3 42.43819034784589
3 21 51.62363799656123
21 3 51.62363799656123
3 22 53.53503525729669
22 3 53.53503525729669
3 23 28.284271247461902
23 3 28.284271247461902
3 24 33.95585369269929
24 3 33.95585369269929
3 25 33.95585369269929
25 3 33.95585369269929
3 26 22.47220505424423
26 3 22.47220505424423
3 27 14.7648230602334
27 3 14.7648230602334
3 28 11.180339887498949
28 3 11.180339887498949
3 29 20.12461179749811
29 3 20.12461179749811
3 30 46.17358552246078
30 3 46.17358552246078
3 31 19.924858845171276
31 3 19.924858845171276
3 32 47.38143096192854
32 3 47.38143096192854
3 33 46.87216658103186
33 3 46.87216658103186
3 34 38.27531841800928
34 3 38.27531841800928
3 35 51.478150704935004
35 3 51.478150704935004
3 36 69.31089380465383
36 3 69.31089380465383
3 37 44.598206241955516
37 3 44.598206241955516
3 38 59.135437767890075
38 3 59.135437767890075
3 39 80.11242100947892
39 3 80.11242100947892
3 40 15.0
40 3 15.0
3 41 53.0
41 3 53.0
3 42 13.038404810405298
42 3 13.038404810405298
3 43 20.12461179749811
43 3 20.12461179749811
3 44 48.05205510693585
44 3 48.05205510693585
3 45 24.020824298928627
45 3 24.020824298928627
3 46 63.0317380372777
46 3 63.0317380372777
3 47 20.808652046684813
47 3 20.808652046684813
3 48 81.88406438373708
48 3 81.88406438373708
3 49 36.05551275463989
49 3 36.05551275463989
3 50 58.137767414994535
50 3 58.137767414994535
4 5 100.34440691936945
5 4 100.34440691936945
4 6 35.510561809129406
6 4 35.510561809129406
4 7 85.61541917201598
7 4 85.61541917201598
4 8 81.30190649671138
8 4 81.30190649671138
4 9 79.07591289387686
9 4 79.07591289387686
4 10 76.38062581571324
10 4 76.38062581571324
4 11 24.08318915758459
11 4 24.08318915758459
4 12 77.3692445355388
12 4 77.3692445355388
4 13 88.11923740024082
13 4 88.11923740024082
4 14 8.94427190999916
14 4 8.94427190999916
4 15 58.69412236331676
15 4 58.69412236331676
4 16 53.75872022286245
16 4 53.75872022286245
4 17 71.84705978674423
17 4 71.84705978674423
4 18 43.9089968002003
18 4 43.9089968002003
4 19 74.73285756613352
19 4 74.73285756613352
4 20 15.297058540778355
20 4 15.297058540778355
4 21 80.36168241145776
21 4 80.36168241145776
4 22 9.433981132056603
22 4 9.433981132056603
4 23 79.83107164506812
23 4 79.83107164506812
4 24 87.92041856133307
24 4 87.92041856133307
4 25 59.22837157984339
25 4 59.22837157984339
4 26 62.03224967708329
26 4 62.03224967708329
4 27 46.400431032480725
27 4 46.400431032480725
4 28 47.70744176750625
28 4 47.70744176750625
4 29 59.07622195096772
29 4 59.07622195096772
4 30 68.00735254367721
30 4 68.00735254367721
4 31 34.438350715445125
31 4 34.438350715445125
4 32 61.741396161732524
32 4 61.741396161732524
4 33 30.265491900843113
33 4 30.265491900843113
4 34 92.47702417357513
34 4 92.47702417357513
4 35 38.948684188300895
35 4 38.948684188300895
4 36 27.0
36 4 27.0
4 37 23.323807579381203
37 4 23.323807579381203
4 38 59.665735560705194
38 4 59.665735560705194
4 39 54.70831746635972
39 4 54.70831746635972
4 40 61.61168720299745
40 4 61.61168720299745
4 41 32.55764119219941
41 4 32.55764119219941
4 42 42.05948168962618
42 4 42.05948168962618
4 43 69.05070600652827
43 4 69.05070600652827
4 44 101.83319694480774
44 4 101.83319694480774
4 45 32.802438933713454
45 4 32.802438933713454
4 46 63.7808748764079
46 4 63.7808748764079
4 47 72.71863585079137
47 4 72.71863585079137
4 48 71.02112361825881
48 4 71.02112361825881
4 49 18.35755975068582
49 4 18.35755975068582
4 50 90.95603333479313
50 4 90.95603333479313
5 6 76.4198926981712
6 5 76.4198926981712
5 7 83.38465086573187
7 5 83.38465086573187
5 8 43.41658669218482
8 5 43.41658669218482
5 9 68.73136110975832
9 5 68.73136110975832
5 10 32.14031735997639
10 5 32.14031735997639
5 11 98.3107318658548
11 5 98.3107318658548
5 12 86.88498144098322
12 5 86.88498144098322
5 13 12.727922061357855
13 5 12.727922061357855
5 14 101.25709851659784
14 5 101.25709851659784
5 15 64.1248781675256
15 5 64.1248781675256
5 16 48.83646178829912
16 5 48.83646178829912
5 17 42.15447781671598
17 5 42.15447781671598
5 18 109.40292500660117
18 5 109.40292500660117
5 19 83.19855767980596
19 5 83.19855767980596
5 20 85.98255637046388
20 5 85.98255637046388
5 21 28.792360097775937
21 5 28.792360097775937
5 22 92.13034245024816
22 5 92.13034245024816
5 23 67.60177512462228
23 5 67.60177512462228
5 24 79.1012010022604
24 5 79.1012010022604
5 25 47.80167361086848
25 5 47.80167361086848
5 26 57.697486947006624
26 5 57.697486947006624
5 27 92.64987857520376
27 5 92.64987857520376
5 28 89.35882720806042
28 5 89.35882720806042
5 29 59.941638282582836
29 5 59.941638282582836
5 30 35.4682957019364
30 5 35.4682957019364
5 31 85.7962703152066
31 5 85.7962703152066
5 32 39.20459156782532
32 5 39.20459156782532
5 33 115.27792503337315
33 5 115.27792503337315
5 34 84.00595217006948
34 5 84.00595217006948
5 35 62.76941930590086
35 5 62.76941930590086
5 36 89.98888820293314
36 5 89.98888820293314
5 37 77.02596964660685
37 5 77.02596964660685
5 38 42.720018726587654
38 5 42.720018726587654
5 39 70.02856560004639
39 5 70.02856560004639
5 40 93.62157870918435
40 5 93.62157870918435
5 41 70.00714249274856
41 5 70.00714249274856
5 42 86.02325267042627
42 5 86.02325267042627
5 43 64.8459713474939
43 5 64.8459713474939
5 44 81.61494961096282
44 5 81.61494961096282
5 45 92.84934033152847
45 5 92.84934033152847
5 46 39.81205847478876
46 5 39.81205847478876
5 47 91.48223871331527
47 5 91.48223871331527
5 48 50.00999900019995
48 5 50.00999900019995
5 49 92.31467922275417
49 5 92.31467922275417
5 50 27.018512172212592
50 5 27.018512172212592
6 7 51.62363799656123
7 6 51.62363799656123
6 8 47.80167361086848
8 6 47.80167361086848
6 9 43.68065933568311
9 6 43.68065933568311
6 10 62.297672508690084
10 6 62.297672508690084
6 11 22.47220505424423
11 6 22.47220505424423
6 12 44.68780594300866
12 6 44.68780594300866
6 13 63.702433234531945
13 6 63.702433234531945
6 14 31.064449134018133
14 6 31.064449134018133
6 15 61.18823416311342
15 6 61.18823416311342
6 16 28.0178514522438
16 6 28.0178514522438
6 17 39.81205847478876
17 6 39.81205847478876
6 18 34.539832078341085
18 6 34.539832078341085
6 19 41.400483088968905
19 6 41.400483088968905
6 20 21.93171219946131
20 6 21.93171219946131
6 21 51.03920062069938
21 6 51.03920062069938
6 22 33.1058907144937
22 6 33.1058907144937
6 23 44.384682042344295
23 6 44.384682042344295
6 24 53.225933528685054
24 6 53.225933528685054
6 25 29.206163733020468
25 6 29.206163733020468
6 26 27.294688127912362
26 6 27.294688127912362
6 27 22.090722034374522
27 6 22.090722034374522
6 28 20.615528128088304
28 6 20.615528128088304
6 29 24.186773244895647
29 6 24.186773244895647
6 30 41.012193308819754
30 6 41.012193308819754
6 31 9.848857801796104
31 6 9.848857801796104
6 32 38.27531841800928
32 6 38.27531841800928
6 33 39.20459156782532
33 6 39.20459156782532
6 34 58.180752831155424
34 6 58.180752831155424
6 35 32.55764119219941
35 6 32.55764119219941
6 36 48.104053883222775
36 6 48.104053883222775
6 37 23.430749027719962
37 6 23.430749027719962
6 38 45.35416188179427
38 6 45.35416188179427
6 39 60.728905802755904
39 6 60.728905802755904
6 40 33.54101966249684
40 6 33.54101966249684
6 41 32.69556544854363
41 6 32.69556544854363
6 42 14.142135623730951
42 6 14.142135623730951
6 43 33.54101966249684
43 6 33.54101966249684
6 44 66.85057965343307
44 6 66.85057965343307
6 45 16.64331697709324
45 6 16.64331697709324
6 46 49.72926703662542
46 6 49.72926703662542
6 47 41.86884283091664
47 6 41.86884283091664
6 48 66.06814663663572
48 6 66.06814663663572
6 49 19.235384061671343
49 6 19.235384061671343
6 50 60.41522986797286
50 6 60.41522986797286
7 8 40.049968789001575
8 7 40.049968789001575
7 9 15.132745950421556
9 7 15.132745950421556
7 10 89.28605714219886
10 7 89.28605714219886
7 11 64.76109943476871
11 7 64.76109943476871
7 12 10.198039027185569
12 7 10.198039027185569
7 13 74.00675644831355
13 7 74.00675644831355
7 14 79.05694150420949
14 7 79.05694150420949
7 15 103.46496991735899
15 7 103.46496991735899
7 16 57.30619512757761
16 7 57.30619512757761
7 17 44.721359549995796
17 7 44.721359549995796
7 18 57.21887800367987
18 7 57.21887800367987
7 19 11.180339887498949
19 7 11.180339887498949
7 20 73.43023900274328
20 7 73.43023900274328
7 21 56.0357029044876
21 7 56.0357029044876
7 22 84.59905436823747
22 7 84.59905436823747
7 23 16.0312195418814
23 7 16.0312195418814
7 24 5.656854249492381
24 7 5.656854249492381
7 25 49.658836071740545
25 7 49.658836071740545
7 26 35.35533905932738
26 7 35.35533905932738
7 27 42.2965719651132
27 7 42.2965719651132
7 28 39.6232255123179
28 7 39.6232255123179
7 29 36.05551275463989
29 7 36.05551275463989
7 30 57.97413216254298
30 7 57.97413216254298
7 31 51.264022471905186
31 7 51.264022471905186
7 32 63.324560795950255
32 7 63.324560795950255
7 33 75.05997601918082
33 7 75.05997601918082
7 34 7.0710678118654755
34 7 7.0710678118654755
7 35 77.33692520394123
35 7 77.33692520394123
7 36 99.20181449953424
36 7 99.20181449953424
7 37 74.2024258363566
37 7 74.2024258363566
7 38 78.29431652425353
38 7 78.29431652425353
7 39 105.20931517693668
39 7 105.20931517693668
7 40 29.154759474226502
40 7 29.154759474226502
7 41 80.61017305526642
41 7 80.61017305526642
7 42 43.965895873961216
42 7 43.965895873961216
7 43 23.706539182259394
43 7 23.706539182259394
7 44 18.110770276274835
44 7 18.110770276274835
7 45 54.57105459856901
45 7 54.57105459856901
7 46 81.15417426109393
46 7 81.15417426109393
7 47 17.72004514666935
47 7 17.72004514666935
7 48 101.6366075781753
48 7 101.6366075781753
7 49 67.4166151627327
49 7 67.4166151627327
7 50 56.71860364994893
50 7 56.71860364994893
8 9 25.317977802344327
9 8 25.317977802344327
8 10 52.839379254491625
10 8 52.839379254491625
8 11 69.6419413859206
11 8 69.6419413859206
8 12 43.68065933568311
12 8 43.68065933568311
8 13 34.132096331752024
13 8 34.132096331752024
8 14 78.44743462982075
14 8 78.44743462982075
8 15 74.65252842335616
15 8 74.65252842335616
8 16 31.622776601683793
16 8 31.622776601683793
8 17 10.770329614269007
17 8 10.770329614269007
8 18 74.2024258363566
18 8 74.2024258363566
8 19 40.162171256046406
19 8 40.162171256046406
8 20 66.12110101926616
20 8 66.12110101926616
8 21 16.492422502470642
21 8 16.492422502470642
8 22 76.00657866263946
22 8 76.00657866263946
8 23 24.186773244895647
23 8 24.186773244895647
8 24 36.05551275463989
24 8 36.05551275463989
8 25 23.53720459187964
25 8 23.53720459187964
8 26 21.02379604162864
26 8 21.02379604162864
8 27 56.22277118748239
27 8 56.22277118748239
8 28 52.630789467763066
28 8 52.630789467763066
8 29 24.166091947189145
29 8 24.166091947189145
8 30 23.345235059857504
30 8 23.345235059857504
8 31 54.62600113499065
31 8 54.62600113499065
8 32 31.400636936215164
32 8 31.400636936215164
8 33 85.42833253669417
33 8 85.42833253669417
8 34 41.30375285612676
34 8 41.30375285612676
8 35 55.362442142665635
35 8 55.362442142665635
8 36 83.43260753446461
36 8 83.43260753446461
8 37 61.204574992397426
37 8 61.204574992397426
8 38 46.75467891024384
38 8 46.75467891024384
8 39 78.2368199762746
39 8 78.2368199762746
8 40 53.009433122794285
40 8 53.009433122794285
8 41 61.40032573203501
41 8 61.40032573203501
8 42 51.62363799656123
42 8 51.62363799656123
8 43 23.021728866442675
43 8 23.021728866442675
8 44 41.23105625617661
44 8 41.23105625617661
8 45 61.26989472816156
45 8 61.26989472816156
8 46 48.104053883222775
46 8 48.104053883222775
8 47 48.84669896727925
47 8 48.84669896727925
8 48 68.24954212300622
48 8 68.24954212300622
8 49 66.94027188471824
49 8 66.94027188471824
8 50 17.46424919657298
50 8 17.46424919657298
9 10 74.33034373659252
10 9 74.33034373659252
9 11 61.0
11 9 61.0
9 12 18.788294228055936
12 9 18.788294228055936
9 13 59.00847396772772
13 9 59.00847396772772
9 14 73.68174807915459
14 9 73.68174807915459
9 15 90.0
15 9 90.0
9 16 43.60045871318328
16 9 43.60045871318328
9 17 29.614185789921695
17 9 29.614185789921695
9 18 58.52349955359813
18 9 58.52349955359813
9 19 15.811388300841896
19 9 15.811388300841896
9 20 65.45991139621256
20 9 65.45991139621256
9 21 41.0
21 9 41.0
9 22 76.55063683601855
22 9 76.55063683601855
9 23 1.4142135623730951
23 9 1.4142135623730951
9 24 12.529964086141668
24 9 12.529964086141668
9 25 35.510561809129406
25 9 35.510561809129406
9 26 21.93171219946131
26 9 21.93171219946131
9 27 41.23105625617661
27 9 41.23105625617661
9 28 37.8549864614954
28 9 37.8549864614954
9 29 23.430749027719962
29 9 23.430749027719962
9 30 43.01162633521314
30 9 43.01162633521314
9 31 46.09772228646444
31 9 46.09772228646444
9 32 48.75448697299562
32 9 48.75448697299562
9 33 73.97972695272672
33 9 73.97972695272672
9 34 18.35755975068582
34 9 18.35755975068582
9 35 65.11528238439882
35 9 65.11528238439882
9 36 89.1852005660132
36 9 89.1852005660132
9 37 64.41273166075166
37 9 64.41273166075166
9 38 64.00781202322104
38 9 64.00781202322104
9 39 92.19544457292888
39 9 92.19544457292888
9 40 32.449961479175904
40 9 32.449961479175904
9 41 69.20260110718382
41 9 69.20260110718382
9 42 40.049968789001575
42 9 40.049968789001575
9 43 10.816653826391969
43 9 10.816653826391969
9 44 23.853720883753127
44 9 23.853720883753127
9 45 51.03920062069938
45 9 51.03920062069938
9 46 66.64082832618455
46 9 66.64082832618455
9 47 25.0
47 9 25.0
9 48 87.20665112249179
48 9 87.20665112249179
9 49 61.66036003787198
49 9 61.66036003787198
9 50 42.44997055358225
50 9 42.44997055358225
10 11 81.00617260431454
11 10 81.00617260431454
10 12 89.10667763978185
12 10 89.10667763978185
10 13 25.942243542145693
13 10 25.942243542145693
10 14 79.51100552753688
14 10 79.51100552753688
10 15 32.01562118716424
15 10 32.01562118716424
10 16 36.22154055254967
16 10 36.22154055254967
10 17 44.94441010848846
17 10 44.94441010848846
10 18 96.79876032264049
18 10 96.79876032264049
10 19 85.0
19 10 85.0
10 20 64.03124237432849
20 10 64.03124237432849
10 21 37.20215047547655
21 10 37.20215047547655
10 22 67.26812023536856
22 10 67.26812023536856
10 23 73.68174807915459
23 10 73.68174807915459
10 24 86.64871608973787
24 10 86.64871608973787
10 25 41.10960958218893
25 10 41.10960958218893
10 26 55.44366510251645
26 10 55.44366510251645
10 27 82.97590011563598
27 10 82.97590011563598
10 28 80.4114419718985
28 10 80.4114419718985
10 29 56.142675390472796
29 10 56.142675390472796
10 30 31.32091952673165
30 10 31.32091952673165
10 31 72.11102550927978
31 10 72.11102550927978
10 32 27.018512172212592
32 10 27.018512172212592
10 33 97.41663102366043
33 10 97.41663102366043
10 34 92.35799911215054
34 10 92.35799911215054
10 35 37.48332962798263
35 10 37.48332962798263
10 36 60.83584469702052
36 10 60.83584469702052
10 37 53.907327887774215
37 10 53.907327887774215
10 38 17.4928556845359
38 10 17.4928556845359
10 39 38.01315561749642
39 10 38.01315561749642
10 40 89.1403387922662
40 10 89.1403387922662
10 41 43.93176527297759
41 10 43.93176527297759
10 42 75.18643494673756
42 10 75.18643494673756
10 43 66.2872536767062
43 10 66.2872536767062
10 44 93.91485505499116
44 10 93.91485505499116
10 45 78.54934754662193
45 10 78.54934754662193
10 46 13.038404810405298
46 10 13.038404810405298
10 47 91.26883367283708
47 10 91.26883367283708
10 48 18.384776310850235
48 10 18.384776310850235
10 49 73.24616030891995
49 10 73.24616030891995
10 50 44.598206241955516
50 10 44.598206241955516
11 12 55.65968020030299
12 11 55.65968020030299
11 13 85.58621384311844
13 11 85.58621384311844
11 14 15.620499351813308
14 11 15.620499351813308
11 15 72.3394774656273
15 11 72.3394774656273
11 16 49.49747468305833
16 11 49.49747468305833
11 17 62.177166226839255
17 11 62.177166226839255
11 18 20.8806130178211
18 11 20.8806130178211
11 19 53.600373133029585
19 11 53.600373133029585
11 20 21.02379604162864
20 11 21.02379604162864
11 21 73.49829930005184
21 11 73.49829930005184
11 22 28.231188426986208
22 11 28.231188426986208
11 23 62.00806399170998
23 11 62.00806399170998
11 24 67.89698078707183
24 11 67.89698078707183
11 25 51.61395160225576
25 11 51.61395160225576
11 26 48.703182647543684
26 11 48.703182647543684
11 27 23.259406699226016
27 11 23.259406699226016
11 28 25.298221281347036
28 11 25.298221281347036
11 29 45.5411901469428
29 11 45.5411901469428
11 30 63.12685640834652
30 11 63.12685640834652
11 31 15.297058540778355
31 11 15.297058540778355
11 32 59.464274989274024
32 11 59.464274989274024
11 33 16.97056274847714
33 11 16.97056274847714
11 34 71.80529228406496
34 11 71.80529228406496
11 35 45.880278987817846
35 11 45.880278987817846
11 36 47.75981574503821
36 11 47.75981574503821
11 37 30.265491900843113
37 11 30.265491900843113
11 38 63.52952069707436
38 11 63.52952069707436
11 39 70.00714249274856
39 11 70.00714249274856
11 40 38.47076812334269
40 11 38.47076812334269
11 41 42.42640687119285
41 11 42.42640687119285
11 42 21.095023109728988
42 11 21.095023109728988
11 43 52.3450093132096
43 11 52.3450093132096
11 44 82.03657720797473
44 11 82.03657720797473
11 45 10.198039027185569
45 11 10.198039027185569
11 46 68.0
46 11 68.0
11 47 50.15974481593781
47 11 50.15974481593781
11 48 81.04319835741924
48 11 81.04319835741924
11 49 9.0
49 11 9.0
11 50 82.85529554590944
50 11 82.85529554590944
12 13 76.53103945458993
13 12 76.53103945458993
12 14 70.3846574190711
14 12 70.3846574190711
12 15 100.18482919085105
15 12 100.18482919085105
12 16 55.02726596879042
16 12 55.02726596879042
12 17 46.04345773288535
17 12 46.04345773288535
12 18 47.095647357266465
18 12 47.095647357266465
12 19 4.123105625617661
19 12 4.123105625617661
12 20 66.03029607687671
20 12 66.03029607687671
12 21 58.54912467321779
21 12 58.54912467321779
12 22 77.10382610480494
22 12 77.10382610480494
12 23 20.12461179749811
23 12 20.12461179749811
12 24 15.231546211727817
24 12 15.231546211727817
12 25 48.27007354458868
25 12 48.27007354458868
12 26 33.734255586866
26 12 33.734255586866
12 27 32.7566787083184
27 12 32.7566787083184
12 28 30.364452901377952
28 12 30.364452901377952
12 29 33.52610922848042
29 12 33.52610922848042
12 30 58.215118311311535
30 12 58.215118311311535
12 31 42.941821107167776
31 12 42.941821107167776
12 32 62.369864518050704
32 12 62.369864518050704
12 33 65.19202405202648
33 12 65.19202405202648
12 34 17.029386365926403
34 12 17.029386365926403
12 35 72.94518489934754
35 12 72.94518489934754
12 36 92.76313923105448
36 12 92.76313923105448
12 37 67.89698078707183
37 12 67.89698078707183
12 38 76.53757247260981
38 12 76.53757247260981
12 39 101.35580891098448
39 12 101.35580891098448
12 40 19.026297590440446
40 12 19.026297590440446
12 41 75.43208866258443
41 12 75.43208866258443
12 42 35.34119409414458
42 12 35.34119409414458
12 43 23.021728866442675
43 12 23.021728866442675
12 44 28.284271247461902
44 12 28.284271247461902
12 45 45.5411901469428
45 12 45.5411901469428
12 46 79.81227975693966
46 12 79.81227975693966
12 47 7.615773105863909
47 12 7.615773105863909
12 48 99.92997548283498
48 12 99.92997548283498
12 49 59.033888572581766
49 12 59.033888572581766
12 50 61.032778078668514
50 12 61.032778078668514
13 14 88.75246475450696
14 13 88.75246475450696
13 15 56.515484603779164
15 13 56.515484603779164
13 16 36.124783736376884
16 13 36.124783736376884
13 17 30.805843601498726
17 13 30.805843601498726
13 18 96.83491106000976
18 13 96.83491106000976
13 19 72.69112738154499
19 13 72.69112738154499
13 20 73.57309290766564
20 13 73.57309290766564
13 21 18.027756377319946
21 13 18.027756377319946
13 22 80.11242100947892
22 13 80.11242100947892
13 23 58.0
23 13 58.0
13 24 70.178344238091
24 13 70.178344238091
13 25 35.22782990761707
25 13 35.22782990761707
13 26 45.880278987817846
26 13 45.880278987817846
13 27 80.26207074328447
27 13 80.26207074328447
13 28 77.02596964660685
28 13 77.02596964660685
13 29 47.92702786528704
29 13 47.92702786528704
13 30 22.80350850198276
30 13 22.80350850198276
13 31 73.10950690573696
31 13 73.10950690573696
13 32 26.627053911388696
32 13 26.627053911388696
13 33 102.55242561733974
33 13 102.55242561733974
13 34 75.4254598925323
34 13 75.4254598925323
13 35 51.24451190127583
35 13 51.24451190127583
13 36 79.2464510246358
36 13 79.2464510246358
13 37 64.8459713474939
37 13 64.8459713474939
13 38 32.14031735997639
38 13 32.14031735997639
13 39 61.98386886924694
39 13 61.98386886924694
13 40 81.93289937503738
40 13 81.93289937503738
13 41 58.52349955359813
41 13 58.52349955359813
13 42 73.49829930005184
42 13 73.49829930005184
13 43 53.9351462406472
43 13 53.9351462406472
13 44 74.46475676452586
44 13 74.46475676452586
13 45 80.15609770940699
45 13 80.15609770940699
13 46 30.01666203960727
46 13 30.01666203960727
13 47 80.60397012554654
47 13 80.60397012554654
13 48 44.28317965096906
48 13 44.28317965096906
13 49 79.64923100695951
49 13 79.64923100695951
13 50 20.591260281974
50 13 20.591260281974
14 15 64.8459713474939
15 14 64.8459713474939
14 16 53.23532661682466
16 14 53.23532661682466
14 17 69.6419413859206
17 14 69.6419413859206
14 18 34.9857113690718
18 14 34.9857113690718
14 19 68.00735254367721
19 14 68.00735254367721
14 20 15.556349186104045
20 14 15.556349186104045
14 21 79.30952023559341
21 14 79.30952023559341
14 22 16.0312195418814
22 14 16.0312195418814
14 23 74.54528824815154
23 14 74.54528824815154
14 24 81.74350127074322
24 14 81.74350127074322
14 25 57.584720195551874
25 14 57.584720195551874
14 26 58.309518948453004
26 14 58.309518948453004
14 27 38.58756276314948
27 14 38.58756276314948
14 28 40.24922359499622
28 14 40.24922359499622
14 29 55.226805085936306
29 14 55.226805085936306
14 30 67.53517601961218
30 14 67.53517601961218
14 31 27.892651361962706
31 14 27.892651361962706
14 32 62.12889826803627
32 14 62.12889826803627
14 33 22.0
33 14 22.0
14 34 86.02325267042627
34 14 86.02325267042627
14 35 42.20189569201838
35 14 42.20189569201838
14 36 35.22782990761707
36 14 35.22782990761707
14 37 25.612496949731394
37 14 25.612496949731394
14 38 62.289646009589745
38 14 62.289646009589745
14 39 61.39218191268331
39 14 61.39218191268331
14 40 53.85164807134504
40 14 53.85164807134504
14 41 36.71511950137164
41 14 36.71511950137164
14 42 35.11409973215888
42 14 35.11409973215888
14 43 64.1248781675256
43 14 64.1248781675256
14 44 95.80187889597991
44 14 95.80187889597991
14 45 25.059928172283335
45 14 25.059928172283335
14 46 66.60330322138685
46 14 66.60330322138685
14 47 65.29931086925804
47 14 65.29931086925804
14 48 76.02631123499285
48 14 76.02631123499285
14 49 12.041594578792296
49 14 12.041594578792296
14 50 89.5377015563835
50 14 89.5377015563835
15 16 46.400431032480725
16 15 46.400431032480725
15 17 64.4437739428721
17 15 64.4437739428721
15 18 92.00543462209176
18 15 92.00543462209176
15 19 96.17692030835673
19 15 96.17692030835673
15 20 51.62363799656123
20 15 51.62363799656123
15 21 62.26556030423239
21 15 62.26556030423239
15 22 49.39635614091387
22 15 49.39635614091387
15 23 89.81091247727082
23 15 89.81091247727082
15 24 102.41581909060729
24 15 102.41581909060729
15 25 54.67174773134658
25 15 54.67174773134658
15 26 68.24221567329127
26 15 68.24221567329127
15 27 83.18653737234169
27 15 83.18653737234169
15 28 81.78630692236935
28 15 81.78630692236935
15 29 67.4166151627327
29 15 67.4166151627327
15 30 51.40038910358559
30 15 51.40038910358559
15 31 69.46221994724903
31 15 69.46221994724903
15 32 43.278170016764804
32 15 43.278170016764804
15 33 86.12200647918046
33 15 86.12200647918046
15 34 108.2266141020775
34 15 108.2266141020775
15 35 28.635642126552707
35 15 28.635642126552707
15 36 35.4682957019364
36 15 35.4682957019364
15 37 42.1070065428546
37 15 42.1070065428546
15 38 28.0178514522438
38 15 28.0178514522438
15 39 6.324555320336759
39 15 6.324555320336759
15 40 93.96275858019496
40 15 93.96275858019496
15 41 30.01666203960727
41 15 30.01666203960727
15 42 75.31268153505093
42 15 75.31268153505093
15 43 79.88116173416608
43 15 79.88116173416608
15 44 112.69871339105873
44 15 112.69871339105873
15 45 74.06078584514209
45 15 74.06078584514209
15 46 27.730849247724095
46 15 27.730849247724095
15 47 99.92497185388645
47 15 99.92497185388645
15 48 16.15549442140351
48 15 16.15549442140351
15 49 63.387695966961914
49 15 63.387695966961914
15 50 72.01388754955533
50 15 72.01388754955533
16 17 20.8806130178211
17 16 20.8806130178211
16 18 62.177166226839255
18 16 62.177166226839255
16 19 50.92150822589606
19 16 50.92150822589606
16 20 38.62641583165593
20 16 38.62641583165593
16 21 26.68332812825267
21 16 26.68332812825267
16 22 46.87216658103186
22 16 46.87216658103186
16 23 43.41658669218482
23 16 43.41658669218482
16 24 56.0357029044876
24 16 56.0357029044876
16 25 8.602325267042627
25 16 8.602325267042627
16 26 21.95449840010015
26 16 21.95449840010015
16 27 47.12748667179272
27 16 47.12748667179272
16 28 44.384682042344295
28 16 44.384682042344295
16 29 21.540659228538015
29 16 21.540659228538015
16 30 14.317821063276353
30 16 14.317821063276353
16 31 37.73592452822641
31 16 37.73592452822641
16 32 10.295630140987
32 16 10.295630140987
16 33 66.46803743153546
33 16 66.46803743153546
16 34 61.85466837676846
34 16 61.85466837676846
16 35 23.769728648009426
35 16 23.769728648009426
16 36 51.97114584074513
36 16 51.97114584074513
16 37 31.400636936215164
37 16 31.400636936215164
16 38 21.587033144922902
38 16 21.587033144922902
16 39 48.79549159502341
39 16 48.79549159502341
16 40 53.009433122794285
40 16 53.009433122794285
16 41 29.832867780352597
41 16 29.832867780352597
16 42 39.56008088970496
42 16 39.56008088970496
16 43 33.61547262794322
43 16 33.61547262794322
16 44 66.48308055437865
44 16 66.48308055437865
16 45 44.654227123532216
45 16 44.654227123532216
16 46 25.179356624028344
46 16 25.179356624028344
16 47 56.089214649520635
47 16 56.089214649520635
16 48 44.9221548904324
48 16 44.9221548904324
16 49 43.60045871318328
49 16 43.60045871318328
16 50 37.48332962798263
50 16 37.48332962798263
17 18 69.29646455628166
18 17 69.29646455628166
17 19 42.1070065428546
19 17 42.1070065428546
17 20 56.568542494923804
20 17 56.568542494923804
17 21 13.416407864998739
21 17 13.416407864998739
17 22 66.06814663663572
22 17 66.06814663663572
17 23 28.861739379323623
23 17 28.861739379323623
17 24 41.7612260356422
24 17 41.7612260356422
17 25 13.038404810405298
25 17 13.038404810405298
17 26 15.811388300841896
26 17 15.811388300841896
17 27 51.73973328110612
27 17 51.73973328110612
17 28 48.27007354458868
28 17 48.27007354458868
17 29 18.439088914585774
29 17 18.439088914585774
17 30 13.892443989449804
30 17 13.892443989449804
17 31 47.70744176750625
31 17 47.70744176750625
17 32 21.213203435596427
32 17 21.213203435596427
17 33 78.54934754662193
33 17 78.54934754662193
17 34 47.43416490252569
34 17 47.43416490252569
17 35 44.598206241955516
35 17 44.598206241955516
17 36 72.78049189171504
36 17 72.78049189171504
17 37 51.0098029794274
37 17 51.0098029794274
17 38 36.796738985948195
38 17 36.796738985948195
17 39 67.80117993073571
39 17 67.80117993073571
17 40 51.478150704935004
40 17 51.478150704935004
17 41 50.695167422546305
41 17 50.695167422546305
17 42 46.010868281309364
42 17 46.010868281309364
17 43 23.194827009486403
43 17 23.194827009486403
17 44 49.39635614091387
44 17 49.39635614091387
17 45 54.644304369257
45 17 54.644304369257
17 46 38.600518131237564
46 17 38.600518131237564
17 47 49.8196748283246
47 17 49.8196748283246
17 48 59.07622195096772
48 17 59.07622195096772
17 49 58.52349955359813
49 17 58.52349955359813
17 50 20.808652046684813
50 17 20.808652046684813
18 19 46.52956049652737
19 18 46.52956049652737
18 20 41.593268686170845
20 18 41.593268686170845
18 21 82.13403679352427
21 18 82.13403679352427
18 22 49.040799340956916
22 18 49.040799340956916
18 23 59.80802621722272
23 18 59.80802621722272
18 24 61.66036003787198
24 18 61.66036003787198
18 25 61.61168720299745
25 18 61.61168720299745
18 26 53.81449618829484
26 18 53.81449618829484
18 27 18.027756377319946
27 18 18.027756377319946
18 28 21.633307652783937
28 18 21.633307652783937
18 29 50.93132631298737
29 18 50.93132631298737
18 30 74.06078584514209
30 18 74.06078584514209
18 31 24.698178070456937
31 18 24.698178070456937
18 32 72.47068372797375
32 18 72.47068372797375
18 33 19.697715603592208
33 18 19.697715603592208
18 34 64.1248781675256
34 18 64.1248781675256
18 35 64.38167441127949
35 18 64.38167441127949
18 36 68.62215385719105
36 18 68.62215385719105
18 37 50.039984012787215
37 18 50.039984012787215
18 38 79.6994353806851
38 18 79.6994353806851
18 39 90.13878188659973
39 18 90.13878188659973
18 40 28.071337695236398
40 18 28.071337695236398
18 41 62.0
41 18 62.0
18 42 23.430749027719962
42 18 23.430749027719962
18 43 52.839379254491625
43 18 52.839379254491625
18 44 75.32595834106593
44 18 75.32595834106593
18 45 18.439088914585774
45 18 18.439088914585774
18 46 84.11896337925236
46 18 84.11896337925236
18 47 40.0
47 18 40.0
18 48 99.29753269845128
48 18 99.29753269845128
18 49 29.614185789921695
49 18 29.614185789921695
18 50 89.87213138676528
50 18 89.87213138676528
19 20 62.96824596572466
20 19 62.96824596572466
19 21 54.74486277268398
21 19 54.74486277268398
19 22 74.09453421137081
22 19 74.09453421137081
19 23 17.204650534085253
23 19 17.204650534085253
19 24 15.132745950421556
24 19 15.132745950421556
19 25 44.14748010928823
25 19 44.14748010928823
19 26 29.614185789921695
26 19 29.614185789921695
19 27 31.144823004794873
27 19 31.144823004794873
19 28 28.442925306655784
28 19 28.442925306655784
19 29 29.410882339705484
29 19 29.410882339705484
19 30 54.147945482723536
30 19 54.147945482723536
19 31 40.311288741492746
31 19 40.311288741492746
19 32 58.249463516842795
32 19 58.249463516842795
19 33 64.00781202322104
33 19 64.00781202322104
19 34 18.24828759089466
34 19 18.24828759089466
19 35 69.06518659932803
35 19 69.06518659932803
19 36 89.37561188601732
36 19 89.37561188601732
19 37 64.4437739428721
37 19 64.4437739428721
19 38 72.42237223399962
38 19 72.42237223399962
19 39 97.41663102366043
39 19 97.41663102366043
19 40 18.681541692269406
40 19 18.681541692269406
19 41 71.7007670809734
41 19 71.7007670809734
19 42 32.89376840679705
42 19 32.89376840679705
19 43 19.0
43 19 19.0
19 44 29.0
44 19 29.0
19 45 43.41658669218482
45 19 43.41658669218482
19 46 75.69015788066504
46 19 75.69015788066504
19 47 9.219544457292887
47 19 9.219544457292887
19 48 95.81753492967766
48 19 95.81753492967766
19 49 56.462376853972415
49 19 56.462376853972415
19 50 57.584720195551874
50 19 57.584720195551874
20 21 65.14598989960932
21 20 65.14598989960932
20 22 11.180339887498949
22 20 11.180339887498949
20 23 66.09841147864296
23 20 66.09841147864296
20 24 75.15317691222374
24 20 75.15317691222374
20 25 43.93176527297759
25 20 43.93176527297759
20 26 47.265209192385896
26 20 47.265209192385896
20 27 38.01315561749642
27 20 38.01315561749642
20 28 38.28837943815329
28 20 38.28837943815329
20 29 44.40720662234904
29 20 44.40720662234904
20 30 52.92447448959697
30 20 52.92447448959697
20 31 24.08318915758459
31 20 24.08318915758459
20 32 47.01063709417264
32 20 47.01063709417264
20 33 34.785054261852174
33 20 34.785054261852174
20 34 80.06247560499239
34 20 80.06247560499239
20 35 26.92582403567252
35 20 26.92582403567252
20 36 28.30194339616981
36 20 28.30194339616981
20 37 10.295630140987
37 20 10.295630140987
20 38 46.75467891024384
38 20 46.75467891024384
20 39 49.040799340956916
39 20 49.040799340956916
20 40 52.40229002629561
40 20 52.40229002629561
20 41 22.135943621178654
41 20 22.135943621178654
20 42 31.827660925679098
42 20 31.827660925679098
20 43 55.08175741568164
43 20 55.08175741568164
20 44 88.76936408468859
44 20 88.76936408468859
20 45 25.495097567963924
45 20 25.495097567963924
20 46 51.088159097779204
46 20 51.088159097779204
20 47 62.369864518050704
47 20 62.369864518050704
20 48 61.465437442517235
48 20 61.465437442517235
20 49 12.041594578792296
49 20 12.041594578792296
20 50 75.69015788066504
50 20 75.69015788066504
21 22 73.54590403278758
22 21 73.54590403278758
21 23 40.01249804748511
23 21 40.01249804748511
21 24 52.3450093132096
24 21 52.3450093132096
21 25 21.95449840010015
25 21 21.95449840010015
21 26 29.154759474226502
26 21 29.154759474226502
21 27 64.81512169239521
27 21 64.81512169239521
21 28 61.40032573203501
28 21 61.40032573203501
21 29 31.622776601683793
29 21 31.622776601683793
21 30 13.0
30 21 13.0
21 31 59.665735560705194
31 21 59.665735560705194
21 32 21.213203435596427
32 21 21.213203435596427
21 33 90.21086409075129
33 21 90.21086409075129
21 34 57.706152185014034
34 21 57.706152185014034
21 35 48.093658625644196
35 21 48.093658625644196
21 36 77.10382610480494
36 21 77.10382610480494
21 37 58.05170109479997
37 21 58.05170109479997
21 38 34.438350715445125
38 21 34.438350715445125
21 39 66.64082832618455
39 21 66.64082832618455
21 40 64.88451279003334
40 21 64.88451279003334
21 41 55.00909015790027
41 21 55.00909015790027
21 42 58.728187440104094
42 21 58.728187440104094
21 43 36.138621999185304
43 21 36.138621999185304
21 44 57.584720195551874
44 21 57.584720195551874
21 45 66.70832032063167
45 21 66.70832032063167
21 46 34.66987164671943
46 21 34.66987164671943
21 47 62.81719509815764
47 21 62.81719509815764
21 48 53.75872022286245
48 21 53.75872022286245
21 49 68.8839603971781
49 21 68.8839603971781
21 50 11.0
50 21 11.0
22 23 77.1621668954417
23 22 77.1621668954417
22 24 86.33075929238663
24 22 86.33075929238663
22 25 53.150729063673246
25 22 53.150729063673246
22 26 57.87054518492115
26 22 57.87054518492115
22 27 48.16637831516918
27 22 48.16637831516918
22 28 48.79549159502341
28 22 48.79549159502341
22 29 55.10898293381942
29 22 55.10898293381942
22 30 60.876925020897694
30 22 60.876925020897694
22 31 34.713109915419565
31 22 34.713109915419565
22 32 54.08326913195984
32 22 54.08326913195984
22 33 38.01315561749642
33 22 38.01315561749642
22 34 91.2414379544733
34 22 91.2414379544733
22 35 30.0
35 22 30.0
22 36 19.6468827043885
36 22 19.6468827043885
22 37 15.524174696260024
37 22 15.524174696260024
22 38 50.80354318352215
38 22 50.80354318352215
22 39 45.60701700396552
39 22 45.60701700396552
22 40 62.93647591023825
40 22 62.93647591023825
22 41 23.345235059857504
41 22 23.345235059857504
22 42 42.5205832509386
42 22 42.5205832509386
22 43 66.09841147864296
43 22 66.09841147864296
22 44 99.92497185388645
44 22 99.92497185388645
22 45 35.0
45 22 35.0
22 46 54.817880294662984
46 22 54.817880294662984
22 47 73.24616030891995
47 22 73.24616030891995
22 48 61.587336360651285
48 22 61.587336360651285
22 49 20.248456731316587
49 22 20.248456731316587
22 50 84.34453153583817
50 22 84.34453153583817
23 24 13.0
24 23 13.0
23 25 35.22782990761707
25 23 35.22782990761707
23 26 21.93171219946131
26 23 21.93171219946131
23 27 42.44997055358225
27 23 42.44997055358225
23 28 39.05124837953327
28 23 39.05124837953327
23 29 23.600847442411894
29 23 23.600847442411894
23 30 42.37924020083418
30 23 42.37924020083418
23 31 47.042533945356304
31 23 47.042533945356304
23 32 48.30113870293329
32 23 48.30113870293329
23 33 75.13321502504735
33 23 75.13321502504735
23 34 18.788294228055936
34 23 18.788294228055936
23 35 65.19202405202648
35 23 65.19202405202648
