customer location distance
1 2 34.438350715445125
2 1 34.438350715445125
1 3 43.41658669218482
3 1 43.41658669218482
1 4 86.03487664894976
4 1 86.03487664894976
1 5 94.33981132056604
5 1 94.33981132056604
1 6 61.29437168288782
6 1 61.29437168288782
1 7 88.83692925805124
7 1 88.83692925805124
1 8 55.54277630799526
8 1 55.54277630799526
1 9 30.59411708155671
9 1 30.59411708155671
1 10 31.827660925679098
10 1 31.827660925679098
1 11 39.11521443121589
11 1 39.11521443121589
1 12 27.0
12 1 27.0
1 13 87.02298546935747
13 1 87.02298546935747
1 14 95.71311299921238
14 1 95.71311299921238
1 15 55.036351623268054
15 1 55.036351623268054
1 16 36.40054944640259
16 1 36.40054944640259
1 17 49.09175083453431
17 1 49.09175083453431
1 18 37.12142238654117
18 1 37.12142238654117
1 19 73.49829930005184
19 1 73.49829930005184
1 20 87.5956619930462
20 1 87.5956619930462
1 21 39.92492955535426
21 1 39.92492955535426
1 22 107.83784122468327
22 1 107.83784122468327
1 23 75.61084578286372
23 1 75.61084578286372
1 24 81.60882305241266
24 1 81.60882305241266
1 25 84.69356528095862
25 1 84.69356528095862
1 26 55.47071299343465
26 1 55.47071299343465
1 27 83.00602387778854
27 1 83.00602387778854
1 28 33.83784863137726
28 1 33.83784863137726
1 29 77.05841939723393
29 1 77.05841939723393
1 30 97.98979538707079
30 1 97.98979538707079
1 31 72.42237223399962
31 1 72.42237223399962
1 32 45.69463863518345
32 1 45.69463863518345
1 33 84.09518416651456
33 1 84.09518416651456
1 34 43.18564576337837
34 1 43.18564576337837
1 35 68.6804193347711
35 1 68.6804193347711
1 36 77.88452991448301
36 1 77.88452991448301
1 37 24.758836806279895
37 1 24.758836806279895
1 38 29.017236257093817
38 1 29.017236257093817
1 39 15.524174696260024
39 1 15.524174696260024
1 40 76.6550715869472
40 1 76.6550715869472
1 41 68.76772498781678
41 1 68.76772498781678
1 42 70.0
42 1 70.0
1 43 48.30113870293329
43 1 48.30113870293329
1 44 97.86214794290998
44 1 97.86214794290998
1 45 98.65596788841515
45 1 98.65596788841515
1 46 52.839379254491625
46 1 52.839379254491625
1 47 82.21921916437786
47 1 82.21921916437786
1 48 36.40054944640259
48 1 36.40054944640259
1 49 50.44799302251776
49 1 50.44799302251776
1 50 60.440052945046304
50 1 60.440052945046304
2 3 56.859475903318
3 2 56.859475903318
2 4 89.19641248391103
4 2 89.19641248391103
2 5 82.28000972289685
5 2 82.28000972289685
2 6 59.033888572581766
6 2 59.033888572581766
2 7 98.2344135219425
7 2 98.2344135219425
2 8 85.0235261559999
8 2 85.0235261559999
2 9 9.055385138137417
9 2 9.055385138137417
2 10 10.63014581273465
10 2 10.63014581273465
2 11 36.87817782917155
11 2 36.87817782917155
2 12 59.90826320300064
12 2 59.90826320300064
2 13 77.62087348130012
13 2 77.62087348130012
2 14 71.19691004531025
14 2 71.19691004531025
2 15 64.35060217278468
15 2 64.35060217278468
2 16 54.817880294662984
16 2 54.817880294662984
2 17 72.99315036357864
17 2 72.99315036357864
2 18 51.264022471905186
18 2 51.264022471905186
2 19 57.271284253105414
19 2 57.271284253105414
2 20 68.06614430096654
20 2 68.06614430096654
2 21 6.0
21 2 6.0
2 22 84.17244204607586
22 2 84.17244204607586
2 23 56.22277118748239
23 2 56.22277118748239
2 24 63.387695966961914
24 2 63.387695966961914
2 25 89.80534505250787
25 2 89.80534505250787
2 26 78.64477096412705
26 2 78.64477096412705
2 27 57.271284253105414
27 2 57.271284253105414
2 28 4.123105625617661
28 2 4.123105625617661
2 29 70.71067811865476
29 2 70.71067811865476
2 30 74.67261881037788
30 2 74.67261881037788
2 31 45.35416188179427
31 2 45.35416188179427
2 32 55.94640292279746
32 2 55.94640292279746
2 33 77.3692445355388
33 2 77.3692445355388
2 34 44.82186966202994
34 2 44.82186966202994
2 35 52.392747589718944
35 2 52.392747589718944
2 36 60.8276253029822
36 2 60.8276253029822
2 37 48.093658625644196
37 2 48.093658625644196
2 38 61.61168720299745
38 2 61.61168720299745
2 39 35.0
39 2 35.0
2 40 60.01666435249463
40 2 60.01666435249463
2 41 84.52810183601665
41 2 84.52810183601665
2 42 42.44997055358225
42 2 42.44997055358225
2 43 29.410882339705484
43 2 29.410882339705484
2 44 76.16429609731846
44 2 76.16429609731846
2 45 83.02409288875127
45 2 83.02409288875127
2 46 31.400636936215164
46 2 31.400636936215164
2 47 76.53757247260981
47 2 76.53757247260981
2 48 3.605551275463989
48 2 3.605551275463989
2 49 24.020824298928627
49 2 24.020824298928627
2 50 81.32035415564789
50 2 81.32035415564789
3 4 43.73785545725808
4 3 43.73785545725808
3 5 63.06346010171025
5 3 63.06346010171025
3 6 27.459060435491963
6 3 27.459060435491963
3 7 45.48626166217664
7 3 45.48626166217664
3 8 41.400483088968905
8 3 41.400483088968905
3 9 60.207972893961475
9 3 60.207972893961475
3 10 46.8187996428785
10 3 46.8187996428785
3 11 24.020824298928627
11 3 24.020824298928627
3 12 38.47076812334269
12 3 38.47076812334269
3 13 54.12947441089743
13 3 54.12947441089743
3 14 80.2122185206219
14 3 80.2122185206219
3 15 12.165525060596439
15 3 12.165525060596439
3 16 9.055385138137417
16 3 9.055385138137417
3 17 22.825424421026653
17 3 22.825424421026653
3 18 6.4031242374328485
18 3 6.4031242374328485
3 19 51.85556864985669
19 3 51.85556864985669
3 20 66.52818951391959
20 3 66.52818951391959
3 21 62.39390995922599
21 3 62.39390995922599
3 22 89.19641248391103
22 3 89.19641248391103
3 23 57.42821606144492
23 3 57.42821606144492
3 24 60.207972893961475
24 3 60.207972893961475
3 25 41.7612260356422
25 3 41.7612260356422
3 26 25.96150997149434
26 3 25.96150997149434
3 27 72.00694410957877
27 3 72.00694410957877
3 28 59.481089431852205
28 3 59.481089431852205
3 29 42.95346318982906
29 3 42.95346318982906
3 30 80.2807573457052
30 3 80.2807573457052
3 31 66.40783086353596
31 3 66.40783086353596
3 32 5.0
32 3 5.0
3 33 49.040799340956916
33 3 49.040799340956916
3 34 17.72004514666935
34 3 17.72004514666935
3 35 48.82622246293481
35 3 48.82622246293481
3 36 55.97320787662612
36 3 55.97320787662612
3 37 20.396078054371138
37 3 20.396078054371138
3 38 37.8549864614954
38 3 37.8549864614954
3 39 28.600699292150182
39 3 28.600699292150182
3 40 54.56189146281496
40 3 54.56189146281496
3 41 27.784887978899608
41 3 27.784887978899608
3 42 65.52098900352466
42 3 65.52098900352466
3 43 43.289721643826724
43 3 43.289721643826724
3 44 77.83315488916018
44 3 77.83315488916018
3 45 70.7248188403477
45 3 70.7248188403477
3 46 47.67598976424087
46 3 47.67598976424087
3 47 46.486557196677836
47 3 46.486557196677836
3 48 60.41522986797286
48 3 60.41522986797286
3 49 53.009433122794285
49 3 53.009433122794285
3 50 26.0
50 3 26.0
4 5 39.21734310225516
5 4 39.21734310225516
4 6 30.479501308256342
6 4 30.479501308256342
4 7 17.72004514666935
7 4 17.72004514666935
4 8 72.44998274671983
8 4 72.44998274671983
4 9 95.42536350467836
9 4 95.42536350467836
4 10 78.64477096412705
10 4 78.64477096412705
4 11 52.80151512977634
11 4 52.80151512977634
4 12 81.02468759581859
12 4 81.02468759581859
4 13 31.575306807693888
13 4 31.575306807693888
4 14 73.10950690573696
14 4 73.10950690573696
4 15 31.575306807693888
15 4 31.575306807693888
4 16 52.46903848937962
16 4 52.46903848937962
4 17 55.31726674375732
17 4 55.31726674375732
4 18 49.47726750741192
18 4 49.47726750741192
4 19 49.03060268852505
19 4 49.03060268852505
4 20 57.0350769263968
20 4 57.0350769263968
4 21 93.33809511662427
21 4 93.33809511662427
4 22 75.92759709091287
22 4 75.92759709091287
4 23 55.90169943749474
23 4 55.90169943749474
4 24 53.08483775994799
24 4 53.08483775994799
4 25 5.0
25 4 5.0
4 26 52.81098370604357
26 4 52.81098370604357
4 27 72.69112738154499
27 4 72.69112738154499
4 28 92.84934033152847
28 4 92.84934033152847
4 29 26.30589287593181
29 4 26.30589287593181
4 30 70.45565981523414
30 4 70.45565981523414
4 31 74.33034373659252
31 4 74.33034373659252
4 32 40.52159917870962
32 4 40.52159917870962
4 33 25.179356624028344
33 4 25.179356624028344
4 34 45.48626166217664
34 4 45.48626166217664
4 35 50.28916384272063
35 4 50.28916384272063
4 36 50.35871324805669
36 4 50.35871324805669
4 37 64.13267497929586
37 4 64.13267497929586
4 38 80.0
38 4 80.0
4 39 70.57619995437555
39 4 70.57619995437555
4 40 49.49747468305833
40 4 49.49747468305833
4 41 33.12099032335839
41 4 33.12099032335839
4 42 75.27283706623525
42 4 75.27283706623525
4 43 63.60031446463138
43 4 63.60031446463138
4 44 65.76473218982953
44 4 65.76473218982953
4 45 49.64876634922564
45 4 49.64876634922564
4 46 65.19202405202648
46 4 65.19202405202648
4 47 23.021728866442675
47 4 23.021728866442675
4 48 92.69843580125827
48 4 92.69843580125827
4 49 74.06078584514209
49 4 74.06078584514209
4 50 46.61544808322666
50 4 46.61544808322666
5 6 35.84689665786984
6 5 35.84689665786984
5 7 56.92099788303083
7 5 56.92099788303083
5 8 102.00490184299969
8 5 102.00490184299969
5 9 90.70832376358854
9 5 90.70832376358854
5 10 73.54590403278758
10 5 73.54590403278758
5 11 55.226805085936306
11 5 55.226805085936306
5 12 100.30453628824571
12 5 100.30453628824571
5 13 9.219544457292887
13 5 9.219544457292887
5 14 37.107950630558946
14 5 37.107950630558946
5 15 53.823786563191554
15 5 53.823786563191554
5 16 71.58910531638176
16 5 71.58910531638176
5 17 83.00602387778854
17 5 83.00602387778854
5 18 65.92419889539804
18 5 65.92419889539804
5 19 25.495097567963924
19 5 25.495097567963924
5 20 22.825424421026653
20 5 22.825424421026653
5 21 84.15461959987698
21 5 84.15461959987698
5 22 37.21558813185679
22 5 37.21558813185679
5 23 29.206163733020468
23 5 29.206163733020468
5 24 22.627416997969522
24 5 22.627416997969522
5 25 44.01136216933077
25 5 44.01136216933077
5 26 82.97590011563598
26 5 82.97590011563598
5 27 41.88078318274385
27 5 41.88078318274385
5 28 86.40023148117139
28 5 86.40023148117139
5 29 20.248456731316587
29 5 20.248456731316587
5 30 33.37663853655727
30 5 33.37663853655727
5 31 48.79549159502341
31 5 48.79549159502341
5 32 58.137767414994535
32 5 58.137767414994535
5 33 15.620499351813308
33 5 15.620499351813308
5 34 52.392747589718944
34 5 52.392747589718944
5 35 30.083217912982647
35 5 30.083217912982647
5 36 23.021728866442675
36 5 23.021728866442675
5 37 80.00624975587844
37 5 80.00624975587844
5 38 100.08995953640904
38 5 100.08995953640904
5 39 79.90619500389191
39 5 79.90619500389191
5 40 23.323807579381203
40 5 23.323807579381203
5 41 67.62396025078685
41 5 67.62396025078685
5 42 50.99019513592785
42 5 50.99019513592785
5 43 52.88667128870941
43 5 52.88667128870941
5 44 28.160255680657446
44 5 28.160255680657446
5 45 10.44030650891055
45 5 10.44030650891055
5 46 51.264022471905186
46 5 51.264022471905186
5 47 18.439088914585774
47 5 18.439088914585774
5 48 85.07055894961546
48 5 85.07055894961546
5 49 60.00833275470999
49 5 60.00833275470999
5 50 78.49203781276162
50 5 78.49203781276162
6 7 42.720018726587654
7 6 42.720018726587654
6 8 67.88225099390856
8 6 67.88225099390856
6 9 65.73431371817918
9 6 65.73431371817918
6 10 48.60041152089147
10 6 48.60041152089147
6 11 23.769728648009426
11 6 23.769728648009426
6 12 64.51356446515724
12 6 64.51356446515724
6 13 27.202941017470888
13 6 27.202941017470888
6 14 55.46169849544819
14 6 55.46169849544819
6 15 20.248456731316587
15 6 20.248456731316587
6 16 35.77708763999664
16 6 35.77708763999664
6 17 48.79549159502341
17 6 48.79549159502341
6 18 30.083217912982647
18 6 30.083217912982647
6 19 26.92582403567252
19 6 26.92582403567252
6 20 40.496913462633174
20 6 40.496913462633174
6 21 62.96824596572466
21 6 62.96824596572466
6 22 63.00793600809346
22 6 63.00793600809346
6 23 33.52610922848042
23 6 33.52610922848042
6 24 34.48187929913333
24 6 34.48187929913333
6 25 31.906112267087632
25 6 31.906112267087632
6 26 50.0
26 6 50.0
6 27 50.00999900019995
27 6 50.00999900019995
6 28 62.80127387243033
28 6 62.80127387243033
6 29 16.278820596099706
29 6 16.278820596099706
6 30 54.70831746635972
30 6 54.70831746635972
6 31 48.041648597857254
31 6 48.041648597857254
6 32 22.47220505424423
32 6 22.47220505424423
6 33 23.08679276123039
33 6 23.08679276123039
6 34 18.110770276274835
34 6 18.110770276274835
6 35 25.495097567963924
35 6 25.495097567963924
6 36 30.4138126514911
36 6 30.4138126514911
6 37 44.384682042344295
37 6 44.384682042344295
6 38 64.25729530566937
38 6 64.25729530566937
6 39 46.04345773288535
39 6 46.04345773288535
6 40 29.068883707497267
40 6 29.068883707497267
6 41 40.024992192379
41 6 40.024992192379
6 42 48.25971404805462
42 6 48.25971404805462
6 43 33.28663395418648
43 6 33.28663395418648
6 44 51.61395160225576
44 6 51.61395160225576
6 45 43.266615305567875
45 6 43.266615305567875
6 46 35.34119409414458
46 6 35.34119409414458
6 47 21.0
47 6 21.0
6 48 62.48199740725323
48 6 62.48199740725323
6 49 43.9089968002003
49 6 43.9089968002003
6 50 47.01063709417264
50 6 47.01063709417264
7 8 63.50590523722971
8 7 63.50590523722971
7 9 103.32473082471591
9 7 103.32473082471591
7 10 87.6184911990614
10 7 87.6184911990614
7 11 61.40032573203501
11 7 61.40032573203501
7 12 78.33900688673555
12 7 78.33900688673555
7 13 49.24428900898052
13 7 49.24428900898052
7 14 90.44888059008801
14 7 90.44888059008801
7 15 34.713109915419565
15 7 34.713109915419565
7 16 52.773099207835045
16 7 52.773099207835045
7 17 49.25444142409901
17 7 49.25444142409901
7 18 51.86520991955976
18 7 51.86520991955976
7 19 65.19202405202648
19 7 65.19202405202648
7 20 74.33034373659252
20 7 74.33034373659252
7 21 103.00485425454472
21 7 103.00485425454472
7 22 93.62157870918435
22 7 93.62157870918435
7 23 72.17340230306452
23 7 72.17340230306452
7 24 70.02856560004639
24 7 70.02856560004639
7 25 13.152946437965905
25 7 13.152946437965905
7 26 45.0
26 7 45.0
7 27 89.1403387922662
27 7 89.1403387922662
7 28 101.53324578678651
28 7 101.53324578678651
7 29 43.01162633521314
29 7 43.01162633521314
7 30 87.96590248499699
30 7 87.96590248499699
7 31 89.62700485902673
31 7 89.62700485902673
7 32 44.04543109109048
32 7 44.04543109109048
7 33 42.7551166528639
33 7 42.7551166528639
7 34 53.41348144429457
34 7 53.41348144429457
7 35 65.76473218982953
35 7 65.76473218982953
7 36 67.00746227100382
36 7 67.00746227100382
7 37 64.8459713474939
37 7 64.8459713474939
7 38 76.90253571892151
38 7 76.90253571892151
7 39 74.06078584514209
39 7 74.06078584514209
7 40 66.03029607687671
40 7 66.03029607687671
7 41 24.020824298928627
41 7 24.020824298928627
7 42 90.24411338142782
42 7 90.24411338142782
7 43 75.58438992278762
43 7 75.58438992278762
7 44 83.3606621854697
44 7 83.3606621854697
7 45 67.35725647619564
45 7 67.35725647619564
7 46 78.0
46 7 78.0
7 47 40.44749683231337
47 7 40.44749683231337
7 48 101.82828683622247
48 7 101.82828683622247
7 49 86.33075929238663
49 7 86.33075929238663
7 50 38.01315561749642
50 7 38.01315561749642
8 9 84.29116205154607
9 8 84.29116205154607
8 10 77.52418977325722
10 8 77.52418977325722
8 11 62.64982043070834
11 8 62.64982043070834
8 12 29.966648127543394
12 8 29.966648127543394
8 13 92.80086206496145
13 8 92.80086206496145
8 14 121.60592090848209
14 8 121.60592090848209
8 15 48.27007354458868
15 8 48.27007354458868
8 16 35.77708763999664
16 8 35.77708763999664
8 17 19.1049731745428
17 8 19.1049731745428
8 18 42.05948168962618
18 8 42.05948168962618
8 19 93.23625904121208
19 8 93.23625904121208
8 20 107.81465577554843
20 8 107.81465577554843
8 21 91.02197536858887
21 8 91.02197536858887
8 22 130.4837154590564
22 8 130.4837154590564
8 23 98.812954616285
23 8 98.812954616285
8 24 101.53324578678651
24 8 101.53324578678651
8 25 68.30812543175226
25 8 68.30812543175226
8 26 19.697715603592208
26 8 19.697715603592208
8 27 113.01769772916099
27 8 113.01769772916099
8 28 86.02325267042627
28 8 86.02325267042627
8 29 81.83520025025906
29 8 81.83520025025906
8 30 121.65936051122412
30 8 121.65936051122412
8 31 106.45186705737011
31 8 106.45186705737011
8 32 46.22769732530488
32 8 46.22769732530488
8 33 86.83893136145792
33 8 86.83893136145792
8 34 58.309518948453004
34 8 58.309518948453004
8 35 90.21086409075129
35 8 90.21086409075129
8 36 97.30878685915265
36 8 97.30878685915265
8 37 37.33630940518894
37 8 37.33630940518894
8 38 27.730849247724095
38 8 27.730849247724095
8 39 50.039984012787215
39 8 50.039984012787215
8 40 95.90099061010788
40 8 95.90099061010788
8 41 40.024992192379
41 8 40.024992192379
8 42 105.19030373565806
42 8 105.19030373565806
8 43 81.70679286326198
43 8 81.70679286326198
8 44 119.09659944767525
44 8 119.09659944767525
8 45 110.63453348751464
45 8 110.63453348751464
8 46 86.53900854527974
46 8 86.53900854527974
8 47 84.0535543567314
47 8 84.0535543567314
8 48 88.0
48 8 88.0
8 49 89.8443097808648
49 8 89.8443097808648
8 50 25.96150997149434
50 8 25.96150997149434
9 10 17.46424919657298
10 9 17.46424919657298
9 11 42.638011210655684
11 9 42.638011210655684
9 12 57.3149195236284
12 9 57.3149195236284
9 13 85.70297544426332
13 9 85.70297544426332
9 14 80.23091673413684
14 9 80.23091673413684
9 15 68.8839603971781
15 9 68.8839603971781
9 16 56.859475903318
16 9 56.859475903318
9 17 74.04052944165107
17 9 74.04052944165107
9 18 54.20332093147061
18 9 54.20332093147061
9 19 65.92419889539804
19 9 65.92419889539804
9 20 77.02596964660685
20 9 77.02596964660685
9 21 11.40175425099138
21 9 11.40175425099138
9 22 93.2148056909416
22 9 93.2148056909416
9 23 65.12296062065974
23 9 65.12296062065974
9 24 72.24956747275377
24 9 72.24956747275377
9 25 95.67131231461184
25 9 95.67131231461184
9 26 80.00624975587844
26 9 80.00624975587844
9 27 66.2872536767062
27 9 66.2872536767062
9 28 5.385164807134504
28 9 5.385164807134504
9 29 78.29431652425353
29 9 78.29431652425353
9 30 83.72574275573791
30 9 83.72574275573791
9 31 54.3415126767741
31 9 54.3415126767741
9 32 60.0
32 9 60.0
9 33 85.0881895447306
33 9 85.0881895447306
9 34 50.24937810560445
34 9 50.24937810560445
9 35 61.0
35 9 61.0
9 36 69.58448102845921
36 9 69.58448102845921
9 37 48.507731342539614
37 9 48.507731342539614
9 38 59.21148537234985
38 9 59.21148537234985
9 39 35.17101079013795
39 9 35.17101079013795
9 40 68.73136110975832
40 9 68.73136110975832
9 41 87.98295289429652
41 9 87.98295289429652
9 42 51.419840528729765
42 9 51.419840528729765
9 43 37.8549864614954
43 9 37.8549864614954
9 44 85.21150157109074
44 9 85.21150157109074
9 45 91.7877987534291
45 9 91.7877987534291
9 46 40.19950248448356
46 9 40.19950248448356
9 47 84.09518416651456
47 9 84.09518416651456
9 48 8.06225774829855
48 9 8.06225774829855
9 49 33.06055050963308
49 9 33.06055050963308
9 50 83.38465086573187
50 9 83.38465086573187
10 11 26.248809496813376
11 10 26.248809496813376
10 12 54.62600113499065
12 10 54.62600113499065
10 13 68.30812543175226
13 10 68.30812543175226
10 14 66.40783086353596
14 10 66.40783086353596
10 15 53.85164807134504
15 10 53.85164807134504
10 16 45.5411901469428
16 10 45.5411901469428
10 17 64.19501538281614
17 10 64.19501538281614
10 18 41.48493702538308
18 10 41.48493702538308
10 19 49.16299421312742
19 10 49.16299421312742
10 20 61.204574992397426
20 10 61.204574992397426
10 21 15.652475842498529
21 10 15.652475842498529
10 22 79.12016177940993
22 10 79.12016177940993
10 23 49.09175083453431
23 10 49.09175083453431
10 24 56.00892785976178
24 10 56.00892785976178
10 25 79.19595949289332
25 10 79.19595949289332
10 26 69.58448102845921
26 10 69.58448102845921
10 27 52.92447448959697
27 10 52.92447448959697
10 28 14.212670403551895
28 10 14.212670403551895
10 29 60.83584469702052
29 10 60.83584469702052
10 30 69.3757882838098
30 10 69.3757882838098
10 31 41.593268686170845
31 10 41.593268686170845
10 32 45.617978911828175
32 10 45.617978911828175
10 33 67.62396025078685
33 10 67.62396025078685
10 34 34.20526275297414
34 10 34.20526275297414
10 35 44.181444068749045
35 10 44.181444068749045
10 36 53.03772242470448
36 10 53.03772242470448
10 37 40.19950248448356
37 10 40.19950248448356
10 38 56.08029957123981
38 10 56.08029957123981
10 39 27.892651361962706
39 10 27.892651361962706
10 40 52.08646657242167
40 10 52.08646657242167
10 41 74.32361670424818
41 10 74.32361670424818
10 42 38.948684188300895
42 10 38.948684188300895
10 43 21.02379604162864
43 10 21.02379604162864
10 44 70.21395872616783
44 10 70.21395872616783
10 45 75.16648189186454
45 10 75.16648189186454
10 46 24.186773244895647
46 10 24.186773244895647
10 47 66.64082832618455
47 10 66.64082832618455
10 48 14.212670403551895
48 10 14.212670403551895
10 49 19.235384061671343
49 10 19.235384061671343
10 50 71.80529228406496
50 10 71.80529228406496
11 12 49.20365840057018
12 11 49.20365840057018
11 13 48.010415536631214
13 11 48.010415536631214
11 14 61.61980201201558
14 11 61.61980201201558
11 15 28.231188426986208
15 11 28.231188426986208
11 16 26.92582403567252
16 11 26.92582403567252
11 17 45.60701700396552
17 11 45.60701700396552
11 18 20.8806130178211
18 11 20.8806130178211
11 19 35.77708763999664
19 11 35.77708763999664
11 20 50.60632371551998
20 11 50.60632371551998
11 21 41.617304093369626
21 11 41.617304093369626
11 22 72.42237223399962
22 11 72.42237223399962
11 23 39.408120990476064
23 11 39.408120990476064
11 24 44.294469180700204
24 11 44.294469180700204
11 25 53.075418038862395
25 11 53.075418038862395
11 26 49.64876634922564
26 11 49.64876634922564
11 27 51.22499389946279
27 11 51.22499389946279
11 28 40.311288741492746
28 11 40.311288741492746
11 29 38.47076812334269
29 11 38.47076812334269
11 30 62.80127387243033
30 11 62.80127387243033
11 31 43.829214001622255
31 11 43.829214001622255
11 32 21.213203435596427
32 11 21.213203435596427
11 33 45.5411901469428
33 11 45.5411901469428
11 34 8.06225774829855
34 11 8.06225774829855
11 35 31.38470965295043
35 11 31.38470965295043
11 36 40.24922359499622
36 11 40.24922359499622
11 37 29.0
37 11 29.0
11 38 49.678969393496885
38 11 49.678969393496885
11 39 25.0
39 11 25.0
11 40 38.91015291668744
40 11 38.91015291668744
11 41 49.72926703662542
41 11 49.72926703662542
11 42 42.5440947723653
42 11 42.5440947723653
11 43 19.4164878389476
43 11 19.4164878389476
11 44 61.587336360651285
44 11 61.587336360651285
11 45 59.90826320300064
45 11 59.90826320300064
11 46 24.041630560342615
46 11 24.041630560342615
11 47 43.93176527297759
47 11 43.93176527297759
11 48 40.45985664828782
48 11 40.45985664828782
11 49 29.0
49 11 29.0
11 50 50.00999900019995
50 11 50.00999900019995
12 13 91.706052144883
13 12 91.706052144883
12 14 110.75197515168747
14 12 110.75197515168747
12 15 50.15974481593781
15 12 50.15974481593781
12 16 29.427877939124322
16 12 29.427877939124322
12 17 30.4138126514911
17 12 30.4138126514911
12 18 34.48187929913333
18 12 34.48187929913333
12 19 84.59905436823747
19 12 84.59905436823747
12 20 99.56907150315303
20 12 99.56907150315303
12 21 65.73431371817918
21 12 65.73431371817918
12 22 121.60592090848209
22 12 121.60592090848209
12 23 88.60022573334675
23 12 88.60022573334675
12 24 93.1933474020544
24 12 93.1933474020544
12 25 78.23042886243178
25 12 78.23042886243178
12 26 36.359317925395686
26 12 36.359317925395686
12 27 99.70456358662827
27 12 99.70456358662827
12 28 60.01666435249463
28 12 60.01666435249463
12 29 80.65358020571685
29 12 80.65358020571685
12 30 112.0044641967453
30 12 112.0044641967453
12 31 90.78546139112804
31 12 90.78546139112804
12 32 42.95346318982906
32 12 42.95346318982906
12 33 87.09190547921202
33 12 87.09190547921202
12 34 48.76474136094644
34 12 48.76474136094644
12 35 80.44874144447506
35 12 80.44874144447506
12 36 89.04493247793498
36 12 89.04493247793498
12 37 20.591260281974
37 12 20.591260281974
12 38 2.23606797749979
38 12 2.23606797749979
12 39 27.459060435491963
39 12 27.459060435491963
12 40 87.66413177577246
40 12 87.66413177577246
12 41 55.02726596879042
41 12 55.02726596879042
12 42 88.86506625215557
42 12 88.86506625215557
12 43 65.19202405202648
43 12 65.19202405202648
12 44 110.67971810589327
44 12 110.67971810589327
12 45 106.92988356862641
45 12 106.92988356862641
12 46 70.178344238091
46 12 70.178344238091
12 47 84.64632301523794
47 12 84.64632301523794
12 48 62.369864518050704
48 12 62.369864518050704
12 49 70.7248188403477
49 12 70.7248188403477
12 50 42.941821107167776
50 12 42.941821107167776
13 14 42.04759208325728
14 13 42.04759208325728
13 15 44.654227123532216
15 13 44.654227123532216
13 16 62.76941930590086
16 13 62.76941930590086
13 17 73.81734213584231
17 13 73.81734213584231
13 18 57.245087125446844
18 13 57.245087125446844
13 19 23.345235059857504
19 13 23.345235059857504
13 20 26.30589287593181
20 13 26.30589287593181
13 21 80.05623023850174
21 13 80.05623023850174
13 22 44.384682042344295
22 13 44.384682042344295
13 23 28.844410203711913
23 13 28.844410203711913
13 24 23.769728648009426
24 13 23.769728648009426
13 25 36.138621999185304
25 13 36.138621999185304
13 26 73.7563556583431
26 13 73.7563556583431
13 27 44.01136216933077
27 13 44.01136216933077
13 28 81.70679286326198
28 13 81.70679286326198
13 29 11.180339887498949
29 13 11.180339887498949
13 30 39.05124837953327
30 13 39.05124837953327
13 31 48.82622246293481
31 13 48.82622246293481
13 32 49.24428900898052
32 13 49.24428900898052
13 33 6.708203932499369
33 13 6.708203932499369
13 34 44.40720662234904
34 13 44.40720662234904
13 35 27.018512172212592
35 13 27.018512172212592
13 36 22.47220505424423
36 13 22.47220505424423
13 37 71.56814934033156
37 13 71.56814934033156
13 38 91.4166286842826
38 13 91.4166286842826
13 39 72.24956747275377
39 13 72.24956747275377
13 40 22.20360331117452
40 13 22.20360331117452
13 41 58.60034129593445
41 13 58.60034129593445
13 42 50.60632371551998
42 13 50.60632371551998
13 43 48.33218389437829
43 13 48.33218389437829
13 44 34.23448553724738
44 13 34.23448553724738
13 45 18.867962264113206
45 13 18.867962264113206
13 46 47.50789408087881
46 13 47.50789408087881
13 47 9.433981132056603
47 13 9.433981132056603
13 48 80.62257748298549
48 13 80.62257748298549
13 49 56.60388679233962
49 13 56.60388679233962
13 50 69.29646455628166
50 13 69.29646455628166
14 15 75.59100475585703
15 14 75.59100475585703
14 16 86.55634003352961
16 14 86.55634003352961
14 17 102.90286682109493
17 14 102.90286682109493
14 18 80.15609770940699
18 14 80.15609770940699
14 19 28.653097563788805
19 14 28.653097563788805
14 20 16.1245154965971
20 14 16.1245154965971
14 21 70.34912934784623
21 14 70.34912934784623
14 22 13.038404810405298
22 14 13.038404810405298
14 23 22.80350850198276
23 14 22.80350850198276
14 24 21.18962010041709
24 14 21.18962010041709
14 25 77.31752712031083
25 14 77.31752712031083
14 26 104.95713410721541
26 14 104.95713410721541
14 27 14.035668847618199
27 14 14.035668847618199
14 28 74.96665925596525
28 14 74.96665925596525
14 29 47.67598976424087
29 14 47.67598976424087
14 30 5.0
30 14 5.0
14 31 26.076809620810597
31 14 26.076809620810597
14 32 75.45197147855052
32 14 75.45197147855052
14 33 48.010415536631214
33 14 48.010415536631214
14 34 63.7808748764079
34 14 63.7808748764079
14 35 31.400636936215164
35 14 31.400636936215164
14 36 25.079872407968907
36 14 25.079872407968907
14 37 90.60905032059435
37 14 90.60905032059435
14 38 111.28791488746656
38 14 111.28791488746656
14 39 84.87638069569178
39 14 84.87638069569178
14 40 26.40075756488817
40 14 26.40075756488817
14 41 94.92101980067429
41 14 94.92101980067429
14 42 29.068883707497267
42 14 29.068883707497267
14 43 47.41307836451879
43 14 47.41307836451879
14 44 10.0
44 14 10.0
14 45 28.635642126552707
45 14 28.635642126552707
14 46 42.95346318982906
46 14 42.95346318982906
14 47 50.08991914547278
47 14 50.08991914547278
14 48 72.69112738154499
48 14 72.69112738154499
14 49 47.53945729601885
49 14 47.53945729601885
14 50 102.42070103255493
50 14 102.42070103255493
15 16 21.02379604162864
16 15 21.02379604162864
15 17 29.206163733020468
17 15 29.206163733020468
15 18 18.027756377319946
18 15 18.027756377319946
15 19 46.95742752749558
19 15 46.95742752749558
15 20 60.74537019394976
20 15 60.74537019394976
15 21 69.46221994724903
21 15 69.46221994724903
15 22 83.23460818673925
22 15 83.23460818673925
15 23 53.31041174104736
23 15 53.31041174104736
15 24 54.70831746635972
24 15 54.70831746635972
15 25 29.732137494637012
25 15 29.732137494637012
15 26 29.832867780352597
26 15 29.832867780352597
15 27 69.26037828369117
27 15 69.26037828369117
15 28 67.42403132415029
28 15 67.42403132415029
15 29 33.60059523282288
29 15 33.60059523282288
15 30 74.94664769020693
30 15 74.94664769020693
15 31 65.62011886609167
31 15 65.62011886609167
15 32 9.433981132056603
32 15 9.433981132056603
15 33 38.948684188300895
33 15 38.948684188300895
15 34 20.248456731316587
34 15 20.248456731316587
15 35 44.94441010848846
35 15 44.94441010848846
15 36 50.60632371551998
36 15 50.60632371551998
15 37 32.55764119219941
37 15 32.55764119219941
15 38 49.36598018878993
38 15 49.36598018878993
15 39 39.824615503479755
39 15 39.824615503479755
15 40 49.24428900898052
40 15 49.24428900898052
15 41 22.090722034374522
41 15 22.090722034374522
15 42 65.27633568147036
42 15 65.27633568147036
15 43 45.5411901469428
43 15 45.5411901469428
15 44 71.84705978674423
44 15 71.84705978674423
15 45 62.369864518050704
45 15 62.369864518050704
15 46 49.16299421312742
46 15 49.16299421312742
15 47 36.235341863986875
47 15 36.235341863986875
15 48 67.95586803212802
48 15 67.95586803212802
15 49 56.089214649520635
49 15 56.089214649520635
15 50 26.832815729997478
50 15 26.832815729997478
16 17 19.1049731745428
17 16 19.1049731745428
16 18 6.4031242374328485
18 16 6.4031242374328485
16 19 58.69412236331676
19 16 58.69412236331676
16 20 73.59347797189639
20 16 73.59347797189639
16 21 60.63827174318213
21 16 60.63827174318213
16 22 96.17692030835673
22 16 96.17692030835673
16 23 63.7808748764079
23 16 63.7808748764079
16 24 67.20863039818622
24 16 67.20863039818622
16 25 50.21951811795888
25 16 50.21951811795888
16 26 24.08318915758459
26 16 24.08318915758459
16 27 77.38862965578342
27 16 77.38862965578342
16 28 56.92099788303083
28 16 56.92099788303083
16 29 51.62363799656123
29 16 51.62363799656123
16 30 87.0
30 16 87.0
16 31 70.68238818828917
31 16 70.68238818828917
16 32 13.601470508735444
32 16 13.601470508735444
16 33 57.87054518492115
33 16 57.87054518492115
16 34 22.80350850198276
34 16 22.80350850198276
16 35 55.226805085936306
35 16 55.226805085936306
16 36 62.96824596572466
36 16 62.96824596572466
16 37 12.083045973594572
37 16 12.083045973594572
16 38 28.861739379323623
38 16 28.861739379323623
16 39 22.80350850198276
39 16 22.80350850198276
16 40 61.554853586049575
40 16 61.554853586049575
16 41 32.526911934581186
41 16 32.526911934581186
16 42 69.46221994724903
42 16 69.46221994724903
16 43 46.17358552246078
43 16 46.17358552246078
16 44 84.8999411071645
44 16 84.8999411071645
16 45 78.89233169326408
45 16 78.89233169326408
16 46 50.92150822589606
46 16 50.92150822589606
16 47 55.362442142665635
47 16 55.362442142665635
16 48 58.240879114244144
48 16 58.240879114244144
16 49 54.91812087098393
49 16 54.91812087098393
16 50 26.570660511172846
50 16 26.570660511172846
17 18 24.73863375370596
18 17 24.73863375370596
17 19 74.4043009509531
19 17 74.4043009509531
17 20 88.86506625215557
20 17 88.86506625215557
17 21 78.91767862779544
21 17 78.91767862779544
17 22 111.5212984142491
22 17 111.5212984142491
17 23 80.15609770940699
23 17 80.15609770940699
17 24 82.61961026293939
24 17 82.61961026293939
17 25 51.62363799656123
25 17 51.62363799656123
17 26 6.4031242374328485
26 17 6.4031242374328485
17 27 94.82615672903758
27 17 94.82615672903758
17 28 74.73285756613352
28 17 74.73285756613352
17 29 62.80127387243033
29 17 62.80127387243033
17 30 102.80077820717118
30 17 102.80077820717118
17 31 88.95504482602435
31 17 88.95504482602435
17 32 27.459060435491963
32 17 27.459060435491963
17 33 67.95586803212802
33 17 67.95586803212802
17 34 40.311288741492746
34 17 40.311288741492746
17 35 71.56116265125938
35 17 71.56116265125938
17 36 78.40918313565064
36 17 78.40918313565064
17 37 25.632011235952593
37 17 25.632011235952593
17 38 28.635642126552707
38 17 28.635642126552707
17 39 38.897300677553446
39 17 38.897300677553446
17 40 77.00649323271382
40 17 77.00649323271382
17 41 25.317977802344327
41 17 25.317977802344327
17 42 87.92041856133307
42 17 87.92041856133307
17 43 65.0
43 17 65.0
17 44 100.12492197250393
44 17 100.12492197250393
17 45 91.54780172128658
45 17 91.54780172128658
17 46 69.6419413859206
46 17 69.6419413859206
17 47 65.19202405202648
47 17 65.19202405202648
17 48 76.2954782408499
48 17 76.2954782408499
17 49 73.97972695272672
49 17 73.97972695272672
17 50 12.529964086141668
50 17 12.529964086141668
18 19 52.3450093132096
19 18 52.3450093132096
18 20 67.26812023536856
20 18 67.26812023536856
18 21 56.92099788303083
21 18 56.92099788303083
18 22 89.8276126811795
22 18 89.8276126811795
18 23 57.38466694161429
23 18 57.38466694161429
18 24 60.876925020897694
24 18 60.876925020897694
18 25 47.75981574503821
25 18 47.75981574503821
18 26 29.068883707497267
26 18 29.068883707497267
18 27 71.02112361825881
27 18 71.02112361825881
18 28 53.71219600798314
28 18 53.71219600798314
18 29 46.17358552246078
29 18 46.17358552246078
18 30 80.62257748298549
30 18 80.62257748298549
18 31 64.47480127925948
31 18 64.47480127925948
18 32 9.055385138137417
32 18 9.055385138137417
18 33 52.630789467763066
33 18 52.630789467763066
18 34 16.401219466856727
34 18 16.401219466856727
18 35 48.83646178829912
35 18 48.83646178829912
18 36 56.639209034025185
36 18 56.639209034025185
18 37 15.0
37 18 15.0
18 38 34.17601498127012
38 18 34.17601498127012
18 39 22.20360331117452
39 18 22.20360331117452
18 40 55.226805085936306
40 18 55.226805085936306
18 41 33.83784863137726
41 18 33.83784863137726
18 42 63.324560795950255
42 18 63.324560795950255
18 43 40.26164427839479
43 18 40.26164427839479
18 44 78.56844150166147
44 18 78.56844150166147
18 45 72.94518489934754
45 18 72.94518489934754
18 46 44.9221548904324
46 18 44.9221548904324
18 47 50.21951811795888
47 18 50.21951811795888
18 48 54.78138369920935
48 18 54.78138369920935
18 49 49.36598018878993
49 18 49.36598018878993
18 50 30.4138126514911
50 18 30.4138126514911
19 20 15.0
20 19 15.0
19 21 58.82176467941097
21 19 58.82176467941097
19 22 37.48332962798263
22 19 37.48332962798263
19 23 7.0
23 19 7.0
19 24 8.602325267042627
24 19 8.602325267042627
19 25 52.46903848937962
25 19 52.46903848937962
19 26 76.32168761236873
26 19 76.32168761236873
19 27 24.0
27 19 24.0
19 28 61.39218191268331
28 19 61.39218191268331
19 29 22.80350850198276
29 19 22.80350850198276
19 30 28.42534080710379
30 19 28.42534080710379
19 31 25.942243542145693
31 19 25.942243542145693
19 32 47.01063709417264
32 19 47.01063709417264
19 33 26.419689627245813
33 19 26.419689627245813
19 34 36.235341863986875
34 19 36.235341863986875
19 35 5.0
35 19 5.0
19 36 4.47213595499958
36 19 4.47213595499958
19 37 64.07027391856539
37 19 64.07027391856539
19 38 84.87638069569178
38 19 84.87638069569178
19 39 60.53924347066124
39 19 60.53924347066124
19 40 3.1622776601683795
40 19 3.1622776601683795
19 41 66.76076692189807
41 19 66.76076692189807
19 42 27.459060435491963
42 19 27.459060435491963
19 43 28.160255680657446
43 19 28.160255680657446
19 44 26.248809496813376
44 19 26.248809496813376
19 45 26.019223662515376
45 19 26.019223662515376
19 46 25.96150997149434
46 19 25.96150997149434
19 47 27.313000567495326
47 19 27.313000567495326
19 48 59.90826320300064
48 19 59.90826320300064
19 49 34.539832078341085
49 19 34.539832078341085
19 50 73.79024325749306
50 19 73.79024325749306
20 21 68.59300255857006
21 20 68.59300255857006
20 22 22.67156809750927
22 20 22.67156809750927
20 23 12.165525060596439
23 20 12.165525060596439
20 24 6.4031242374328485
24 20 6.4031242374328485
20 25 61.204574992397426
25 20 61.204574992397426
20 26 90.44335243676011
26 20 90.44335243676011
20 27 19.209372712298546
27 20 19.209372712298546
20 28 72.11102550927978
28 20 72.11102550927978
20 29 31.575306807693888
29 20 31.575306807693888
20 30 14.317821063276353
30 20 14.317821063276353
20 31 27.784887978899608
31 20 27.784887978899608
20 32 61.61980201201558
32 20 61.61980201201558
20 33 32.01562118716424
33 20 32.01562118716424
20 34 51.22499389946279
34 20 51.22499389946279
20 35 19.235384061671343
35 20 19.235384061671343
20 36 10.63014581273465
36 20 10.63014581273465
20 37 79.05694150420949
37 20 79.05694150420949
20 38 99.86490875177326
38 20 99.86490875177326
20 39 75.15317691222374
39 20 75.15317691222374
20 40 12.041594578792296
40 20 12.041594578792296
20 41 79.30952023559341
41 20 79.30952023559341
20 42 30.4138126514911
42 20 30.4138126514911
20 43 40.44749683231337
43 20 40.44749683231337
20 44 11.313708498984761
44 20 11.313708498984761
20 45 17.204650534085253
45 20 17.204650534085253
20 46 37.05401462729781
46 20 37.05401462729781
20 47 34.0147027033899
47 20 34.0147027033899
20 48 70.25667228100119
48 20 70.25667228100119
20 49 44.181444068749045
49 20 44.181444068749045
20 50 87.46427842267951
50 20 87.46427842267951
21 22 83.38465086573187
22 21 83.38465086573187
21 23 57.0701322935211
23 21 57.0701322935211
21 24 64.32728814430156
24 21 64.32728814430156
21 25 94.17536832951598
25 21 94.17536832951598
21 26 84.52810183601665
26 21 84.52810183601665
21 27 56.32051136131489
27 21 56.32051136131489
21 28 6.4031242374328485
28 21 6.4031242374328485
21 29 73.78346698278686
29 21 73.78346698278686
21 30 74.10802925459562
30 21 74.10802925459562
21 31 44.28317965096906
31 21 44.28317965096906
21 32 61.26989472816156
32 21 61.26989472816156
21 33 80.26207074328447
33 21 80.26207074328447
21 34 49.64876634922564
34 21 49.64876634922564
21 35 54.08326913195984
35 21 54.08326913195984
21 36 62.0966987850401
36 21 62.0966987850401
21 37 54.08326913195984
37 21 54.08326913195984
21 38 67.468511173732
38 21 67.468511173732
21 39 41.0
39 21 41.0
21 40 61.40032573203501
40 21 61.40032573203501
21 41 89.96110270555825
41 21 89.96110270555825
21 42 41.30375285612676
42 21 41.30375285612676
21 43 31.76476034853718
43 21 31.76476034853718
21 44 76.00657866263946
44 21 76.00657866263946
21 45 84.17244204607586
45 21 84.17244204607586
21 46 32.89376840679705
46 21 32.89376840679705
21 47 79.61155694998057
47 21 79.61155694998057
21 48 3.605551275463989
48 21 3.605551275463989
21 49 24.515301344262525
49 21 24.515301344262525
21 50 87.09190547921202
50 21 87.09190547921202
22 23 33.015148038438355
23 22 33.015148038438355
22 24 29.0
24 22 29.0
22 25 80.52328855678958
25 22 80.52328855678958
22 26 113.00442469213318
26 22 113.00442469213318
22 27 27.073972741361768
27 22 27.073972741361768
22 28 87.96590248499699
28 22 87.96590248499699
22 29 52.392747589718944
29 22 52.392747589718944
22 30 9.848857801796104
30 22 9.848857801796104
22 31 39.11521443121589
31 22 39.11521443121589
22 32 84.29116205154607
32 22 84.29116205154607
22 33 50.96076922496363
33 22 50.96076922496363
22 34 73.66138744281159
34 22 73.66138744281159
22 35 41.23105625617661
35 22 41.23105625617661
22 36 33.24154027718932
36 22 33.24154027718932
22 37 101.21264743103995
37 22 101.21264743103995
22 38 122.00409829181969
38 22 122.00409829181969
22 39 96.38464608017192
39 22 96.38464608017192
22 40 34.655446902326915
40 22 34.655446902326915
22 41 101.07423014794622
41 22 101.07423014794622
22 42 42.1070065428546
42 22 42.1070065428546
22 43 59.61543424315552
43 22 59.61543424315552
22 44 11.40175425099138
44 22 11.40175425099138
22 45 27.018512172212592
45 22 27.018512172212592
22 46 55.362442142665635
46 22 55.362442142665635
22 47 53.45091205957107
47 22 53.45091205957107
22 48 85.70880934886448
48 22 85.70880934886448
22 49 60.41522986797286
49 22 60.41522986797286
22 50 109.83624174196785
50 22 109.83624174196785
23 24 7.280109889280518
24 23 7.280109889280518
23 25 59.413803110051795
25 23 59.413803110051795
23 26 82.365041127896
26 23 82.365041127896
23 27 17.0
27 23 17.0
23 28 60.29925372672534
28 23 60.29925372672534
23 29 29.614185789921695
29 23 29.614185789921695
23 30 23.430749027719962
30 23 23.430749027719962
23 31 20.0
31 23 20.0
23 32 52.69724850502159
32 23 52.69724850502159
23 33 32.69556544854363
33 23 32.69556544854363
23 34 41.036569057366385
34 23 41.036569057366385
23 35 8.602325267042627
35 23 8.602325267042627
23 36 6.4031242374328485
36 23 6.4031242374328485
23 37 68.24954212300622
37 23 68.24954212300622
23 38 89.02246907382428
