customer location distance
1 2 86.33075929238663
2 1 86.33075929238663
1 3 42.80186911806539
3 1 42.80186911806539
1 4 67.42403132415029
4 1 67.42403132415029
1 5 54.644304369257
5 1 54.644304369257
1 6 76.40026177965623
6 1 76.40026177965623
1 7 78.44743462982075
7 1 78.44743462982075
1 8 107.70329614269008
8 1 107.70329614269008
1 9 100.84641788382967
9 1 100.84641788382967
1 10 57.87054518492115
10 1 57.87054518492115
1 11 42.05948168962618
11 1 42.05948168962618
1 12 93.1074647920348
12 1 93.1074647920348
1 13 44.27188724235731
13 1 44.27188724235731
1 14 21.0
14 1 21.0
1 15 25.495097567963924
15 1 25.495097567963924
1 16 35.12833614050059
16 1 35.12833614050059
1 17 56.88585061331157
17 1 56.88585061331157
1 18 16.97056274847714
18 1 16.97056274847714
1 19 60.14149981501958
19 1 60.14149981501958
1 20 101.24228365658294
20 1 101.24228365658294
1 21 10.816653826391969
21 1 10.816653826391969
1 22 54.378304497290095
22 1 54.378304497290095
1 23 58.52349955359813
23 1 58.52349955359813
1 24 72.18032973047436
24 1 72.18032973047436
1 25 82.15229759416349
25 1 82.15229759416349
1 26 60.8276253029822
26 1 60.8276253029822
1 27 58.66856057549052
27 1 58.66856057549052
1 28 72.83543093852057
28 1 72.83543093852057
1 29 43.139309220245984
29 1 43.139309220245984
1 30 67.1863081289633
30 1 67.1863081289633
1 31 70.21395872616783
31 1 70.21395872616783
1 32 15.264337522473747
32 1 15.264337522473747
1 33 36.49657518178932
33 1 36.49657518178932
1 34 61.00819617067857
34 1 61.00819617067857
1 35 102.15674231297707
35 1 102.15674231297707
1 36 14.560219778561036
36 1 14.560219778561036
1 37 69.63476143421474
37 1 69.63476143421474
1 38 64.38167441127949
38 1 64.38167441127949
1 39 23.323807579381203
39 1 23.323807579381203
1 40 83.72574275573791
40 1 83.72574275573791
1 41 19.1049731745428
41 1 19.1049731745428
1 42 52.40229002629561
42 1 52.40229002629561
1 43 94.25497334358543
43 1 94.25497334358543
1 44 10.198039027185569
44 1 10.198039027185569
1 45 62.03224967708329
45 1 62.03224967708329
1 46 50.32891812864648
46 1 50.32891812864648
1 47 69.9714227381436
47 1 69.9714227381436
1 48 53.46026561849464
48 1 53.46026561849464
1 49 52.08646657242167
49 1 52.08646657242167
1 50 4.123105625617661
50 1 4.123105625617661
1 51 13.601470508735444
51 1 13.601470508735444
1 52 4.123105625617661
52 1 4.123105625617661
1 53 105.67875850898325
53 1 105.67875850898325
1 54 73.348483283569
54 1 73.348483283569
1 55 48.104053883222775
55 1 48.104053883222775
1 56 50.11985634456667
56 1 50.11985634456667
1 57 34.20526275297414
57 1 34.20526275297414
1 58 107.83784122468327
58 1 107.83784122468327
1 59 68.3593446428504
59 1 68.3593446428504
1 60 92.65527507918802
60 1 92.65527507918802
1 61 86.28441342444185
61 1 86.28441342444185
1 62 60.07495318350236
62 1 60.07495318350236
1 63 26.1725046566048
63 1 26.1725046566048
1 64 32.28002478313795
64 1 32.28002478313795
1 65 70.60453243241541
65 1 70.60453243241541
1 66 50.695167422546305
66 1 50.695167422546305
1 67 56.43580423808985
67 1 56.43580423808985
1 68 98.0
68 1 98.0
1 69 49.24428900898052
69 1 49.24428900898052
1 70 36.069377593742864
70 1 36.069377593742864
1 71 44.68780594300866
71 1 44.68780594300866
1 72 71.56116265125938
72 1 71.56116265125938
1 73 53.150729063673246
73 1 53.150729063673246
1 74 28.0178514522438
74 1 28.0178514522438
1 75 67.62396025078685
75 1 67.62396025078685
1 76 78.49203781276162
76 1 78.49203781276162
1 77 48.877397639399746
77 1 48.877397639399746
1 78 61.1310068623117
78 1 61.1310068623117
1 79 25.019992006393608
79 1 25.019992006393608
1 80 15.033296378372908
80 1 15.033296378372908
1 81 93.53608929178085
81 1 93.53608929178085
1 82 8.94427190999916
82 1 8.94427190999916
1 83 41.23105625617661
83 1 41.23105625617661
1 84 56.08029957123981
84 1 56.08029957123981
1 85 66.0
85 1 66.0
1 86 45.79301256742124
86 1 45.79301256742124
1 87 50.44799302251776
87 1 50.44799302251776
1 88 37.48332962798263
88 1 37.48332962798263
1 89 76.32168761236873
89 1 76.32168761236873
1 90 32.984845004941285
90 1 32.984845004941285
1 91 11.0
91 1 11.0
1 92 100.46392387319938
92 1 100.46392387319938
1 93 50.28916384272063
93 1 50.28916384272063
1 94 86.83317338436964
94 1 86.83317338436964
1 95 85.14693182963201
95 1 85.14693182963201
1 96 60.81118318204309
96 1 60.81118318204309
1 97 44.04543109109048
97 1 44.04543109109048
1 98 31.064449134018133
98 1 31.064449134018133
1 99 68.26419266350405
99 1 68.26419266350405
1 100 32.2490309931942
100 1 32.2490309931942
2 3 76.84399781375251
3 2 76.84399781375251
2 4 23.08679276123039
4 2 23.08679276123039
2 5 47.67598976424087
5 2 47.67598976424087
2 6 18.439088914585774
6 2 18.439088914585774
2 7 60.07495318350236
7 2 60.07495318350236
2 8 23.600847442411894
8 2 23.600847442411894
2 9 16.64331697709324
9 2 16.64331697709324
2 10 51.478150704935004
10 2 51.478150704935004
2 11 70.21395872616783
11 2 70.21395872616783
2 12 7.0710678118654755
12 2 7.0710678118654755
2 13 62.42595614005443
13 2 62.42595614005443
2 14 97.20082304178294
14 2 97.20082304178294
2 15 63.60031446463138
15 2 63.60031446463138
2 16 75.02666192761077
16 2 75.02666192761077
2 17 51.894122981316485
17 2 51.894122981316485
2 18 70.57619995437555
18 2 70.57619995437555
2 19 37.656340767525464
19 2 37.656340767525464
2 20 19.313207915827967
20 2 19.313207915827967
2 21 75.64390259630977
21 2 75.64390259630977
2 22 49.8196748283246
22 2 49.8196748283246
2 23 74.84650960465692
23 2 74.84650960465692
2 24 27.730849247724095
24 2 27.730849247724095
2 25 32.2490309931942
25 2 32.2490309931942
2 26 71.78439941937245
26 2 71.78439941937245
2 27 28.160255680657446
27 2 28.160255680657446
2 28 30.886890422961002
28 2 30.886890422961002
2 29 47.51841748206689
29 2 47.51841748206689
2 30 43.41658669218482
30 2 43.41658669218482
2 31 42.05948168962618
31 2 42.05948168962618
2 32 86.02325267042627
32 2 86.02325267042627
2 33 72.00694410957877
33 2 72.00694410957877
2 34 80.65358020571685
34 2 80.65358020571685
2 35 16.278820596099706
35 2 16.278820596099706
2 36 77.4919350642375
36 2 77.4919350642375
2 37 21.213203435596427
37 2 21.213203435596427
2 38 46.17358552246078
38 2 46.17358552246078
2 39 63.15853069855251
39 2 63.15853069855251
2 40 6.4031242374328485
40 2 6.4031242374328485
2 41 94.40338976964757
41 2 94.40338976964757
2 42 81.88406438373708
42 2 81.88406438373708
2 43 15.0
43 2 15.0
2 44 78.39005038906404
44 2 78.39005038906404
2 45 62.297672508690084
45 2 62.297672508690084
2 46 87.46427842267951
46 2 87.46427842267951
2 47 47.885279575251516
47 2 47.885279575251516
2 48 72.78049189171504
48 2 72.78049189171504
2 49 42.80186911806539
49 2 42.80186911806539
2 50 85.61541917201598
50 2 85.61541917201598
2 51 76.8505042273634
51 2 76.8505042273634
2 52 87.23531395025755
52 2 87.23531395025755
2 53 20.518284528683193
53 2 20.518284528683193
2 54 13.0
54 2 13.0
2 55 45.044422518220834
55 2 45.044422518220834
2 56 69.83552104767315
56 2 69.83552104767315
2 57 69.1158447825099
57 2 69.1158447825099
2 58 21.540659228538015
58 2 21.540659228538015
2 59 31.622776601683793
59 2 31.622776601683793
2 60 50.0
60 2 50.0
2 61 10.295630140987
61 2 10.295630140987
2 62 43.86342439892262
62 2 43.86342439892262
2 63 80.65977932030313
63 2 80.65977932030313
2 64 69.26037828369117
64 2 69.26037828369117
2 65 56.88585061331157
65 2 56.88585061331157
2 66 66.09841147864296
66 2 66.09841147864296
2 67 49.193495504995376
67 2 49.193495504995376
2 68 42.05948168962618
68 2 42.05948168962618
2 69 37.12142238654117
69 2 37.12142238654117
2 70 80.91971329657564
70 2 80.91971329657564
2 71 86.2670273047588
71 2 86.2670273047588
2 72 45.27692569068709
72 2 45.27692569068709
2 73 43.104524124504614
73 2 43.104524124504614
2 74 79.51100552753688
74 2 79.51100552753688
2 75 39.395431207184416
75 2 39.395431207184416
2 76 28.42534080710379
76 2 28.42534080710379
2 77 37.94733192202055
77 2 37.94733192202055
2 78 65.7875368135941
78 2 65.7875368135941
2 79 98.85848471426213
79 2 98.85848471426213
2 80 94.57801012920498
80 2 94.57801012920498
2 81 49.33558553417604
81 2 49.33558553417604
2 82 81.12336284942828
82 2 81.12336284942828
2 83 86.40023148117139
83 2 86.40023148117139
2 84 35.014282800023196
84 2 35.014282800023196
2 85 38.897300677553446
85 2 38.897300677553446
2 86 72.40165743959182
86 2 72.40165743959182
2 87 39.319206502675
87 2 39.319206502675
2 88 103.24727599312246
88 2 103.24727599312246
2 89 30.066592756745816
89 2 30.066592756745816
2 90 70.178344238091
90 2 70.178344238091
2 91 76.53757247260981
91 2 76.53757247260981
2 92 15.033296378372908
92 2 15.033296378372908
2 93 60.03332407921454
93 2 60.03332407921454
2 94 5.385164807134504
94 2 5.385164807134504
2 95 42.579337712087536
95 2 42.579337712087536
2 96 35.510561809129406
96 2 35.510561809129406
2 97 78.49203781276162
97 2 78.49203781276162
2 98 76.23647421018367
98 2 76.23647421018367
2 99 32.57299494980466
99 2 32.57299494980466
2 100 62.64982043070834
100 2 62.64982043070834
3 4 68.30812543175226
4 3 68.30812543175226
3 5 71.06335201775947
5 3 71.06335201775947
3 6 60.207972893961475
6 3 60.207972893961475
3 7 41.10960958218893
7 3 41.10960958218893
3 8 100.43903623591775
8 3 100.43903623591775
3 9 93.47726996441435
9 3 93.47726996441435
3 10 28.0178514522438
10 3 28.0178514522438
3 11 6.708203932499369
11 3 6.708203932499369
3 12 81.83520025025906
12 3 81.83520025025906
3 13 14.422205101855956
13 3 14.422205101855956
3 14 34.36568055487916
14 3 34.36568055487916
3 15 48.104053883222775
15 3 48.104053883222775
3 16 68.42514157822401
16 3 68.42514157822401
3 17 27.202941017470888
17 3 27.202941017470888
3 18 43.9089968002003
18 3 43.9089968002003
3 19 70.34912934784623
19 3 70.34912934784623
3 20 95.71833680126291
20 3 95.71833680126291
3 21 40.607881008493905
21 3 40.607881008493905
3 22 72.17340230306452
22 3 72.17340230306452
3 23 16.15549442140351
23 3 16.15549442140351
3 24 77.3692445355388
24 3 77.3692445355388
3 25 57.14017850864661
25 3 57.14017850864661
3 26 89.28605714219886
26 3 89.28605714219886
3 27 57.56735185849702
27 3 57.56735185849702
3 28 79.83107164506812
28 3 79.83107164506812
3 29 56.08029957123981
29 3 56.08029957123981
3 30 39.11521443121589
30 3 39.11521443121589
3 31 83.2946576918352
31 3 83.2946576918352
3 32 29.068883707497267
32 3 29.068883707497267
3 33 68.0294054067798
33 3 68.0294054067798
3 34 93.04837451562494
34 3 93.04837451562494
3 35 89.19641248391103
35 3 89.19641248391103
3 36 50.0
36 3 50.0
3 37 69.8927750200262
37 3 69.8927750200262
3 38 35.510561809129406
38 3 35.510561809129406
3 39 40.496913462633174
39 3 40.496913462633174
3 40 77.52418977325722
40 3 77.52418977325722
3 41 32.7566787083184
41 3 32.7566787083184
3 42 10.295630140987
42 3 10.295630140987
3 43 77.79460135510689
43 3 77.79460135510689
3 44 33.94112549695428
44 3 33.94112549695428
3 45 24.331050121192877
45 3 24.331050121192877
3 46 12.041594578792296
46 3 12.041594578792296
3 47 86.02325267042627
47 3 86.02325267042627
3 48 83.48652585896721
48 3 83.48652585896721
3 49 34.132096331752024
49 3 34.132096331752024
3 50 46.09772228646444
50 3 46.09772228646444
3 51 30.4138126514911
51 3 30.4138126514911
3 52 39.66106403010388
52 3 39.66106403010388
3 53 97.20082304178294
53 3 97.20082304178294
3 54 66.24198064671678
54 3 66.24198064671678
3 55 61.00819617067857
55 3 61.00819617067857
3 56 10.198039027185569
56 3 10.198039027185569
3 57 64.07807737440318
57 3 64.07807737440318
3 58 95.58765610684259
58 3 95.58765610684259
3 59 47.38143096192854
59 3 47.38143096192854
3 60 59.90826320300064
60 3 59.90826320300064
3 61 81.88406438373708
61 3 81.88406438373708
3 62 34.713109915419565
62 3 34.713109915419565
3 63 17.0
63 3 17.0
3 64 62.24146527838174
64 3 62.24146527838174
3 65 34.713109915419565
65 3 34.713109915419565
3 66 77.88452991448301
66 3 77.88452991448301
3 67 29.068883707497267
67 3 29.068883707497267
3 68 69.07966415668217
68 3 69.07966415668217
3 69 47.29693436154187
69 3 47.29693436154187
3 70 8.06225774829855
70 3 8.06225774829855
3 71 9.433981132056603
71 3 9.433981132056603
3 72 86.14522621712709
72 3 86.14522621712709
3 73 66.007575322837
73 3 66.007575322837
3 74 64.35060217278468
74 3 64.35060217278468
3 75 79.40403012442127
75 3 79.40403012442127
3 76 83.93449827097318
76 3 83.93449827097318
3 77 51.62363799656123
77 3 51.62363799656123
3 78 86.88498144098322
78 3 86.88498144098322
3 79 33.015148038438355
79 3 33.015148038438355
3 80 36.68787265568828
80 3 36.68787265568828
3 81 61.1310068623117
81 3 61.1310068623117
3 82 34.058772731852805
82 3 34.058772731852805
3 83 10.0
83 3 10.0
3 84 62.64982043070834
84 3 62.64982043070834
3 85 41.23105625617661
85 3 41.23105625617661
3 86 5.385164807134504
86 3 5.385164807134504
3 87 58.215118311311535
87 3 58.215118311311535
3 88 30.083217912982647
88 3 30.083217912982647
3 89 53.41348144429457
89 3 53.41348144429457
3 90 63.56099432828282
90 3 63.56099432828282
3 91 34.713109915419565
91 3 34.713109915419565
3 92 87.04596486914255
92 3 87.04596486914255
3 93 17.804493814764857
93 3 17.804493814764857
3 94 79.92496481075234
94 3 79.92496481075234
3 95 55.154328932550705
95 3 55.154328932550705
3 96 69.58448102845921
96 3 69.58448102845921
3 97 2.0
97 3 2.0
3 98 65.36818798161687
98 3 65.36818798161687
3 99 46.69047011971501
99 3 46.69047011971501
3 100 56.92099788303083
100 3 56.92099788303083
4 5 24.73863375370596
5 4 24.73863375370596
4 6 27.586228448267445
6 4 27.586228448267445
4 7 65.14598989960932
7 4 65.14598989960932
4 8 40.718546143004666
8 4 40.718546143004666
4 9 34.17601498127012
9 4 34.17601498127012
4 10 49.040799340956916
10 4 49.040799340956916
4 11 61.68468205316454
11 4 61.68468205316454
4 12 30.01666203960727
12 4 30.01666203960727
4 13 54.57105459856901
13 4 54.57105459856901
4 14 81.39410298049853
14 4 81.39410298049853
4 15 42.941821107167776
15 4 42.941821107167776
4 16 52.15361924162119
16 4 52.15361924162119
4 17 49.01020301937138
17 4 49.01020301937138
4 18 50.774009099144415
18 4 50.774009099144415
4 19 14.866068747318506
19 4 14.866068747318506
4 20 34.0
20 4 34.0
4 21 56.61271941887264
21 4 56.61271941887264
4 22 26.92582403567252
22 4 26.92582403567252
4 23 71.25307010929424
23 4 71.25307010929424
4 24 10.198039027185569
24 4 10.198039027185569
4 25 43.41658669218482
25 4 43.41658669218482
4 26 49.658836071740545
26 4 49.658836071740545
4 27 10.770329614269007
27 4 10.770329614269007
4 28 13.601470508735444
28 4 13.601470508735444
4 29 25.632011235952593
29 4 25.632011235952593
4 30 45.60701700396552
30 4 45.60701700396552
4 31 22.80350850198276
31 4 22.80350850198276
4 32 70.09279563550022
32 4 70.09279563550022
4 33 49.09175083453431
33 4 49.09175083453431
4 34 58.309518948453004
34 4 58.309518948453004
4 35 39.01281840626232
35 4 39.01281840626232
4 36 56.79788728465171
36 4 56.79788728465171
4 37 2.23606797749979
37 4 2.23606797749979
4 38 46.87216658103186
38 4 46.87216658103186
4 39 44.204072210600685
39 4 44.204072210600685
4 40 18.110770276274835
40 4 18.110770276274835
4 41 78.56844150166147
41 4 78.56844150166147
4 42 75.7099729229908
42 4 75.7099729229908
4 43 36.68787265568828
43 4 36.68787265568828
4 44 60.876925020897694
44 4 60.876925020897694
4 45 61.07372593840988
45 4 61.07372593840988
4 46 80.0812087820857
46 4 80.0812087820857
4 47 28.319604517012593
47 4 28.319604517012593
4 48 50.0
48 4 50.0
4 49 36.124783736376884
49 4 36.124783736376884
4 50 66.03786792439622
50 4 66.03786792439622
4 51 60.108235708594876
51 4 60.108235708594876
4 52 69.02897942168927
52 4 69.02897942168927
4 53 39.21734310225516
53 4 39.21734310225516
4 54 13.038404810405298
54 4 13.038404810405298
4 55 22.360679774997898
55 4 22.360679774997898
4 56 63.953107821277925
56 4 63.953107821277925
4 57 46.389654018972806
57 4 46.389654018972806
4 58 43.41658669218482
58 4 43.41658669218482
4 59 34.539832078341085
59 4 34.539832078341085
4 60 62.20128616033595
60 4 62.20128616033595
4 61 19.313207915827967
61 4 19.313207915827967
4 62 42.2965719651132
62 4 42.2965719651132
4 63 67.4166151627327
63 4 67.4166151627327
4 64 46.69047011971501
64 4 46.69047011971501
4 65 59.43904440685432
65 4 59.43904440685432
4 66 43.174066289845804
66 4 43.174066289845804
4 67 46.010868281309364
67 4 46.010868281309364
4 68 58.05170109479997
68 4 58.05170109479997
4 69 21.470910553583888
69 4 21.470910553583888
4 70 70.26378868236469
70 4 70.26378868236469
4 71 77.4919350642375
71 4 77.4919350642375
4 72 26.40075756488817
72 4 26.40075756488817
4 73 20.024984394500787
73 4 20.024984394500787
4 74 57.0701322935211
74 4 57.0701322935211
4 75 19.1049731745428
75 4 19.1049731745428
4 76 16.0312195418814
76 4 16.0312195418814
4 77 19.1049731745428
77 4 19.1049731745428
4 78 43.829214001622255
78 4 43.829214001622255
4 79 83.73768566183328
79 4 83.73768566183328
4 80 77.79460135510689
80 4 77.79460135510689
4 81 62.00806399170998
81 4 62.00806399170998
4 82 63.702433234531945
82 4 63.702433234531945
4 83 76.69419795525604
83 4 76.69419795525604
4 84 12.36931687685298
84 4 12.36931687685298
4 85 40.52159917870962
85 4 40.52159917870962
4 86 65.0
86 4 65.0
4 87 17.46424919657298
87 4 17.46424919657298
4 88 90.4267659490264
88 4 90.4267659490264
4 89 38.27531841800928
89 4 38.27531841800928
4 90 47.51841748206689
90 4 47.51841748206689
4 91 58.7962583843564
91 4 58.7962583843564
4 92 38.01315561749642
92 4 38.01315561749642
4 93 54.45181356024793
93 4 54.45181356024793
4 94 21.213203435596427
94 4 21.213203435596427
4 95 53.25410782277739
95 4 53.25410782277739
4 96 12.649110640673518
96 4 12.649110640673518
4 97 70.21395872616783
97 4 70.21395872616783
4 98 53.600373133029585
98 4 53.600373133029585
4 99 35.4682957019364
99 4 35.4682957019364
4 100 40.52159917870962
100 4 40.52159917870962
5 6 50.24937810560445
6 5 50.24937810560445
5 7 80.99382692526635
7 5 80.99382692526635
5 8 61.98386886924694
8 5 61.98386886924694
5 9 56.32051136131489
9 5 56.32051136131489
5 10 60.83584469702052
10 5 60.83584469702052
5 11 65.27633568147036
11 5 65.27633568147036
5 12 54.45181356024793
12 5 54.45181356024793
5 13 60.01666435249463
13 5 60.01666435249463
5 14 72.91776189653656
14 5 72.91776189653656
5 15 29.5296461204668
15 5 29.5296461204668
5 16 29.732137494637012
16 5 29.732137494637012
5 17 60.41522986797286
17 5 60.41522986797286
5 18 38.07886552931954
18 5 38.07886552931954
5 19 10.04987562112089
19 5 10.04987562112089
5 20 54.91812087098393
20 5 54.91812087098393
5 21 44.77722635447622
21 5 44.77722635447622
5 22 2.23606797749979
22 5 2.23606797749979
5 23 79.07591289387686
23 5 79.07591289387686
5 24 22.360679774997898
24 5 22.360679774997898
5 25 64.81512169239521
25 5 64.81512169239521
5 26 25.80697580112788
26 5 25.80697580112788
5 27 25.612496949731394
27 5 25.612496949731394
5 28 21.18962010041709
28 5 21.18962010041709
5 29 15.0
29 5 15.0
5 30 61.61168720299745
30 5 61.61168720299745
5 31 15.620499351813308
31 5 15.620499351813308
5 32 62.39390995922599
32 5 62.39390995922599
5 33 26.570660511172846
33 5 26.570660511172846
5 34 34.0
34 5 34.0
5 35 63.198101237299845
35 5 63.198101237299845
5 36 41.10960958218893
36 5 41.10960958218893
5 37 26.476404589747453
37 5 26.476404589747453
5 38 61.587336360651285
38 5 61.587336360651285
5 39 34.785054261852174
39 5 34.785054261852174
5 40 42.190046219457976
40 5 42.190046219457976
5 41 70.26378868236469
41 5 70.26378868236469
5 42 80.39900496896712
42 5 80.39900496896712
5 43 61.40032573203501
43 5 61.40032573203501
5 44 51.478150704935004
44 5 51.478150704935004
5 45 72.2357252334328
45 5 72.2357252334328
5 46 83.02409288875127
46 5 83.02409288875127
5 47 15.811388300841896
47 5 15.811388300841896
5 48 25.298221281347036
48 5 25.298221281347036
5 49 46.95742752749558
49 5 46.95742752749558
5 50 52.009614495783374
50 5 52.009614495783374
5 51 52.20153254455275
51 5 52.20153254455275
5 52 57.4543296888929
52 5 57.4543296888929
5 53 61.40032573203501
53 5 61.40032573203501
5 54 37.33630940518894
54 5 37.33630940518894
5 55 10.198039027185569
55 5 10.198039027185569
5 56 70.21395872616783
56 5 70.21395872616783
5 57 25.059928172283335
57 5 25.059928172283335
5 58 67.0
58 5 67.0
5 59 53.03772242470448
59 5 53.03772242470448
5 60 82.80700453464067
60 5 82.80700453464067
5 61 42.01190307520001
61 5 42.01190307520001
5 62 56.08029957123981
62 5 56.08029957123981
5 63 64.13267497929586
63 5 64.13267497929586
5 64 26.076809620810597
64 5 26.076809620810597
5 65 73.92563831310488
65 5 73.92563831310488
5 66 18.439088914585774
66 5 18.439088914585774
5 67 57.697486947006624
67 5 57.697486947006624
5 68 80.7093550959243
68 5 80.7093550959243
5 69 28.653097563788805
69 5 28.653097563788805
5 70 70.178344238091
70 5 70.178344238091
5 71 79.02531240052139
71 5 79.02531240052139
5 72 17.0
72 5 17.0
5 73 6.4031242374328485
73 5 6.4031242374328485
5 74 36.235341863986875
74 5 36.235341863986875
5 75 13.601470508735444
75 5 13.601470508735444
5 76 26.92582403567252
76 5 26.92582403567252
5 77 22.825424421026653
77 5 22.825424421026653
5 78 20.518284528683193
78 5 20.518284528683193
5 79 76.15773105863909
79 5 76.15773105863909
5 80 68.0
80 5 68.0
5 81 82.87943049997388
81 5 82.87943049997388
5 82 54.12947441089743
82 5 54.12947441089743
5 83 77.1621668954417
83 5 77.1621668954417
5 84 15.0
84 5 15.0
5 85 57.0087712549569
85 5 57.0087712549569
5 86 69.46221994724903
86 5 69.46221994724903
5 87 15.264337522473747
87 5 15.264337522473747
5 88 85.72630868059116
88 5 85.72630868059116
5 89 58.89821729050889
89 5 58.89821729050889
5 90 26.419689627245813
90 5 26.419689627245813
5 91 49.24428900898052
91 5 49.24428900898052
5 92 62.39390995922599
92 5 62.39390995922599
5 93 62.36184731067546
93 5 62.36184731067546
5 94 45.09988913511872
94 5 45.09988913511872
5 95 73.59347797189639
95 5 73.59347797189639
5 96 12.165525060596439
96 5 12.165525060596439
5 97 73.06161783043132
97 5 73.06161783043132
5 98 32.202484376209235
98 5 32.202484376209235
5 99 53.75872022286245
99 5 53.75872022286245
5 100 22.67156809750927
100 5 22.67156809750927
6 7 42.01190307520001
7 6 42.01190307520001
6 8 41.14608122288197
8 6 41.14608122288197
6 9 34.539832078341085
9 6 34.539832078341085
6 10 33.61547262794322
10 6 33.61547262794322
6 11 53.75872022286245
11 6 53.75872022286245
6 12 21.95449840010015
12 6 21.95449840010015
6 13 45.967379738244816
13 6 45.967379738244816
6 14 84.11896337925236
14 6 84.11896337925236
6 15 57.0
15 6 57.0
6 16 72.78049189171504
16 6 72.78049189171504
6 17 34.132096331752024
17 6 34.132096331752024
6 18 62.39390995922599
18 6 62.39390995922599
6 19 41.400483088968905
19 6 41.400483088968905
6 20 37.64306044943742
20 6 37.64306044943742
6 21 66.2872536767062
21 6 66.2872536767062
6 22 52.478567053607705
22 6 52.478567053607705
6 23 56.79788728465171
23 6 56.79788728465171
6 24 36.61966684720111
24 6 36.61966684720111
6 25 16.1245154965971
25 6 16.1245154965971
6 26 76.00657866263946
26 6 76.00657866263946
6 27 25.079872407968907
27 6 25.079872407968907
6 28 40.22437072223753
28 6 40.22437072223753
6 29 44.384682042344295
29 6 44.384682042344295
6 30 25.0
30 6 25.0
6 31 50.32891812864648
31 6 50.32891812864648
6 32 73.348483283569
32 6 73.348483283569
6 33 70.09279563550022
33 6 70.09279563550022
6 34 84.21995013059554
34 6 84.21995013059554
6 35 29.0
35 6 29.0
6 36 70.178344238091
36 6 70.178344238091
6 37 27.018512172212592
37 6 27.018512172212592
6 38 27.85677655436824
38 6 27.85677655436824
6 39 54.45181356024793
39 6 54.45181356024793
6 40 22.02271554554524
40 6 22.02271554554524
6 41 81.41252974819048
41 6 81.41252974819048
6 42 64.35060217278468
42 6 64.35060217278468
6 43 18.35755975068582
43 6 18.35755975068582
6 44 67.35725647619564
44 6 67.35725647619564
6 45 44.01136216933077
45 6 44.01136216933077
6 46 70.21395872616783
46 6 70.21395872616783
6 47 55.90169943749474
47 6 55.90169943749474
6 48 75.13321502504735
48 6 75.13321502504735
6 49 27.202941017470888
49 6 27.202941017470888
6 50 76.48529270389177
50 6 76.48529270389177
6 51 65.19202405202648
51 6 65.19202405202648
6 52 76.53757247260981
52 6 76.53757247260981
6 53 37.589892258425
53 6 37.589892258425
6 54 15.264337522473747
54 6 15.264337522473747
6 55 44.01136216933077
55 6 44.01136216933077
6 56 52.43090691567332
56 6 52.43090691567332
6 57 66.49060083951716
57 6 66.49060083951716
6 58 35.38361202590826
58 6 35.38361202590826
6 59 13.416407864998739
59 6 13.416407864998739
6 60 34.9857113690718
60 6 34.9857113690718
6 61 27.018512172212592
61 6 27.018512172212592
6 62 26.076809620810597
62 6 26.076809620810597
6 63 66.2872536767062
63 6 66.2872536767062
6 64 66.09841147864296
64 6 66.09841147864296
6 65 38.47076812334269
65 6 38.47076812334269
6 66 67.97793759742936
66 6 67.97793759742936
6 67 31.622776601683793
67 6 31.622776601683793
6 68 30.610455730027933
68 6 30.610455730027933
6 69 29.017236257093817
69 6 29.017236257093817
6 70 65.11528238439882
70 6 65.11528238439882
6 71 69.52697318307479
71 6 69.52697318307479
6 72 53.907327887774215
72 6 53.907327887774215
6 73 44.294469180700204
73 6 44.294469180700204
6 74 75.53806987208503
74 6 75.53806987208503
6 75 46.69047011971501
75 6 46.69047011971501
6 76 40.24922359499622
76 6 40.24922359499622
6 77 32.55764119219941
77 6 32.55764119219941
6 78 70.45565981523414
78 6 70.45565981523414
6 79 85.23496934944014
79 6 85.23496934944014
6 80 82.34682750416071
80 6 82.34682750416071
6 81 34.66987164671943
81 6 34.66987164671943
6 82 69.8927750200262
82 6 69.8927750200262
6 83 70.03570517957252
83 6 70.03570517957252
6 84 35.35533905932738
84 6 35.35533905932738
6 85 20.615528128088304
85 6 20.615528128088304
6 86 55.44366510251645
86 6 55.44366510251645
6 87 37.33630940518894
87 6 37.33630940518894
6 88 88.09086218218096
88 6 88.09086218218096
6 89 12.165525060596439
89 6 12.165525060596439
6 90 67.26812023536856
90 6 67.26812023536856
6 91 65.80273550544841
91 6 65.80273550544841
6 92 26.870057685088806
92 6 26.870057685088806
6 93 42.80186911806539
93 6 42.80186911806539
6 94 23.08679276123039
94 6 23.08679276123039
6 95 26.40075756488817
95 6 26.40075756488817
6 96 39.20459156782532
96 6 39.20459156782532
6 97 61.71709649683789
97 6 61.71709649683789
6 98 72.99315036357864
98 6 72.99315036357864
6 99 14.317821063276353
99 6 14.317821063276353
6 100 58.69412236331676
100 6 58.69412236331676
7 8 80.8084154033477
8 7 80.8084154033477
7 9 74.96665925596525
9 7 74.96665925596525
7 10 22.20360331117452
10 7 22.20360331117452
7 11 38.118237105091836
11 7 38.118237105091836
7 12 61.814237842102365
12 7 61.814237842102365
7 13 34.20526275297414
13 7 34.20526275297414
7 14 75.02666192761077
14 7 75.02666192761077
7 15 71.61005515987263
15 7 71.61005515987263
7 16 92.45539465060976
16 7 92.45539465060976
7 17 23.021728866442675
17 7 23.021728866442675
7 18 72.069410986909
18 7 72.069410986909
7 19 75.13321502504735
19 7 75.13321502504735
7 20 78.63841300535
20 7 78.63841300535
7 21 72.09022125087424
21 7 72.09022125087424
7 22 82.92767933567175
22 7 82.92767933567175
7 23 27.51363298439521
23 7 27.51363298439521
7 24 75.28612089887484
24 7 75.28612089887484
7 25 28.861739379323623
25 7 28.861739379323623
7 26 105.4229576515476
26 7 105.4229576515476
7 27 57.271284253105414
27 7 57.271284253105414
7 28 78.74642849044012
28 7 78.74642849044012
7 29 68.8839603971781
29 7 68.8839603971781
7 30 19.697715603592208
30 7 19.697715603592208
7 31 86.92525524840292
31 7 86.92525524840292
7 32 67.7421582177598
32 7 67.7421582177598
7 33 90.78546139112804
33 7 90.78546139112804
7 34 111.94641575325224
34 7 111.94641575325224
7 35 65.80273550544841
35 7 65.80273550544841
7 36 80.06247560499239
36 7 80.06247560499239
7 37 65.52098900352466
37 7 65.52098900352466
7 38 19.4164878389476
38 7 19.4164878389476
7 39 65.19202405202648
39 7 65.19202405202648
7 40 64.03124237432849
40 7 64.03124237432849
7 41 73.10950690573696
41 7 73.10950690573696
7 42 37.94733192202055
42 7 37.94733192202055
7 43 53.16013544000805
43 7 53.16013544000805
7 44 68.30812543175226
44 7 68.30812543175226
7 45 17.029386365926403
45 7 17.029386365926403
7 46 44.598206241955516
46 7 44.598206241955516
7 47 91.706052144883
47 7 91.706052144883
7 48 101.9803902718557
48 7 101.9803902718557
7 49 34.713109915419565
49 7 34.713109915419565
7 50 80.65358020571685
50 7 80.65358020571685
7 51 64.8459713474939
51 7 64.8459713474939
7 52 76.40026177965623
52 7 76.40026177965623
7 53 76.90253571892151
53 7 76.90253571892151
7 54 55.731499172371095
54 7 55.731499172371095
7 55 71.61005515987263
55 7 71.61005515987263
7 56 31.016124838541646
56 7 31.016124838541646
7 57 86.55634003352961
57 7 86.55634003352961
7 58 71.78439941937245
58 7 71.78439941937245
7 59 30.805843601498726
59 7 30.805843601498726
7 60 20.808652046684813
60 7 20.808652046684813
7 61 69.02897942168927
61 7 69.02897942168927
7 62 25.0
62 7 25.0
7 63 56.22277118748239
63 7 56.22277118748239
7 64 85.27602242131137
64 7 85.27602242131137
7 65 8.06225774829855
65 7 8.06225774829855
7 66 95.01578816175763
66 7 95.01578816175763
7 67 24.839484696748443
67 7 24.839484696748443
7 68 32.526911934581186
68 7 32.526911934581186
7 69 52.43090691567332
69 7 52.43090691567332
7 70 49.040799340956916
70 7 49.040799340956916
7 71 47.29693436154187
71 7 47.29693436154187
7 72 90.47098982546837
72 7 90.47098982546837
7 73 74.62573282722254
73 7 74.62573282722254
7 74 91.52595260361949
74 7 91.52595260361949
7 75 82.85529554590944
75 7 82.85529554590944
7 76 80.2807573457052
76 7 80.2807573457052
7 77 58.249463516842795
77 7 58.249463516842795
7 78 101.01980003939822
78 7 101.01980003939822
7 79 74.02702209328699
79 7 74.02702209328699
7 80 76.4198926981712
80 7 76.4198926981712
7 81 22.20360331117452
81 7 22.20360331117452
7 82 69.6419413859206
82 7 69.6419413859206
7 83 49.8196748283246
83 7 49.8196748283246
7 84 67.11929677819934
84 7 67.11929677819934
7 85 24.698178070456937
85 7 24.698178070456937
7 86 36.013886210738214
86 7 36.013886210738214
7 87 65.73431371817918
87 7 65.73431371817918
7 88 70.40596565632774
88 7 70.40596565632774
7 89 30.01666203960727
89 7 30.01666203960727
7 90 86.68333173107735
90 7 86.68333173107735
7 91 68.00735254367721
91 7 68.00735254367721
7 92 63.60031446463138
92 7 63.60031446463138
7 93 28.160255680657446
93 7 28.160255680657446
7 94 65.00769185258002
94 7 65.00769185258002
7 95 20.591260281974
95 7 20.591260281974
7 96 73.348483283569
96 7 73.348483283569
7 97 41.30375285612676
97 7 41.30375285612676
7 98 90.80198235721508
98 7 90.80198235721508
7 99 29.832867780352597
99 7 29.832867780352597
7 100 77.98717843338096
100 7 77.98717843338096
8 9 7.0710678118654755
9 8 7.0710678118654755
8 10 74.70609078247904
10 8 74.70609078247904
8 11 93.81364506296512
11 8 93.81364506296512
8 12 19.313207915827967
12 8 19.313207915827967
8 13 86.02325267042627
13 8 86.02325267042627
8 14 119.97082978791136
14 8 119.97082978791136
8 15 83.6301381082203
15 8 83.6301381082203
8 16 91.44397191723465
16 8 91.44397191723465
8 17 75.17978451685
17 8 75.17978451685
8 18 91.30169768410661
18 8 91.30169768410661
8 19 52.392747589718944
19 8 52.392747589718944
8 20 7.0710678118654755
20 8 7.0710678118654755
8 21 96.89685237405806
21 8 96.89685237405806
8 22 63.788713735268246
22 8 63.788713735268246
8 23 97.94386147176351
23 8 97.94386147176351
8 24 39.6232255123179
24 8 39.6232255123179
8 25 51.97114584074513
25 8 51.97114584074513
8 26 82.09750300709517
26 8 82.09750300709517
8 27 49.09175083453431
27 8 49.09175083453431
8 28 41.19465984809196
28 8 41.19465984809196
8 29 66.30987860040162
29 8 66.30987860040162
8 30 65.92419889539804
30 8 65.92419889539804
8 31 51.0098029794274
31 8 51.0098029794274
8 32 108.70602559196064
32 8 108.70602559196064
8 33 88.29496021857646
33 8 88.29496021857646
8 34 91.13725912051558
34 8 91.13725912051558
8 35 16.1245154965971
35 8 16.1245154965971
8 36 97.50897394599124
36 8 97.50897394599124
8 37 38.48376280978771
37 8 38.48376280978771
8 38 68.94200461257273
38 8 68.94200461257273
8 39 84.38009243891595
39 8 84.38009243891595
8 40 24.20743687382041
40 8 24.20743687382041
8 41 117.15374513859982
41 8 117.15374513859982
8 42 105.30906893520614
42 8 105.30906893520614
8 43 28.071337695236398
43 8 28.071337695236398
8 44 100.43903623591775
44 8 100.43903623591775
8 45 85.0881895447306
45 8 85.0881895447306
8 46 110.98198051936178
46 8 110.98198051936178
8 47 56.142675390472796
47 8 56.142675390472796
8 48 85.05292469985967
48 8 85.05292469985967
8 49 66.40030120413611
49 8 66.40030120413611
8 50 106.55045753069294
50 8 106.55045753069294
8 51 99.20181449953424
51 8 99.20181449953424
8 52 109.0
52 8 109.0
8 53 4.0
53 8 4.0
8 54 35.38361202590826
54 8 35.38361202590826
8 55 62.625873247404705
55 8 62.625873247404705
8 56 93.29523031752481
56 8 93.29523031752481
8 57 86.1278120005379
57 8 86.1278120005379
8 58 12.529964086141668
58 8 12.529964086141668
8 59 54.56189146281496
59 8 54.56189146281496
8 60 67.0
60 8 67.0
8 61 21.470910553583888
61 8 21.470910553583888
8 62 67.11929677819934
62 8 67.11929677819934
8 63 103.9471019317037
63 8 103.9471019317037
8 64 86.68333173107735
64 8 86.68333173107735
8 65 78.74642849044012
65 8 78.74642849044012
8 66 79.30952023559341
66 8 79.30952023559341
8 67 72.56031973468694
67 8 72.56031973468694
8 68 56.32051136131489
68 8 56.32051136131489
8 69 59.20304046246274
69 8 59.20304046246274
8 70 104.48444860360799
70 8 104.48444860360799
8 71 109.85900054160332
71 8 109.85900054160332
8 72 53.150729063673246
72 8 53.150729063673246
8 73 59.20304046246274
73 8 59.20304046246274
8 74 97.12363255150623
74 8 97.12363255150623
8 75 50.08991914547278
75 8 50.08991914547278
8 76 36.013886210738214
76 8 36.013886210738214
8 77 58.83026432033091
77 8 58.83026432033091
8 78 76.05918747922567
78 8 76.05918747922567
8 79 121.82774724995944
79 8 121.82774724995944
8 80 117.00427342623003
80 8 117.00427342623003
8 81 66.007575322837
81 8 66.007575322837
8 82 103.22790320451152
82 8 103.22790320451152
8 83 110.0
83 8 110.0
8 84 52.92447448959697
84 8 52.92447448959697
8 85 61.741396161732524
85 8 61.741396161732524
8 86 95.96353474106714
86 8 95.96353474106714
8 87 58.180752831155424
87 8 58.180752831155424
8 88 126.66885963013956
88 8 126.66885963013956
8 89 51.54609587543949
89 8 51.54609587543949
8 90 87.36131867136622
90 8 87.36131867136622
8 91 98.4733466477097
91 8 98.4733466477097
8 92 18.027756377319946
92 8 18.027756377319946
8 93 83.52843827104634
93 8 83.52843827104634
8 94 21.2602916254693
94 8 21.2602916254693
8 95 61.40032573203501
95 8 61.40032573203501
8 96 50.695167422546305
96 8 50.695167422546305
8 97 102.07840124139877
97 8 102.07840124139877
8 98 93.40770846134703
98 8 93.40770846134703
8 99 55.46169849544819
99 8 55.46169849544819
8 100 80.99382692526635
100 8 80.99382692526635
9 10 67.97793759742936
10 9 67.97793759742936
9 11 86.83893136145792
11 9 86.83893136145792
9 12 13.152946437965905
12 9 13.152946437965905
9 13 79.05694150420949
13 9 79.05694150420949
9 14 112.92918134831227
14 9 112.92918134831227
9 15 76.96752561957543
15 9 76.96752561957543
9 16 85.5102333057278
16 9 85.5102333057278
9 17 68.42514157822401
17 9 68.42514157822401
9 18 84.53401682163222
18 9 84.53401682163222
9 19 46.52956049652737
19 9 46.52956049652737
9 20 4.47213595499958
20 9 4.47213595499958
9 21 90.0499861188218
21 9 90.0499861188218
9 22 58.215118311311535
22 9 58.215118311311535
9 23 91.28526715741155
23 9 91.28526715741155
9 24 34.058772731852805
24 9 34.058772731852805
9 25 46.2709412050371
25 9 46.2709412050371
9 26 77.52418977325722
26 9 77.52418977325722
9 27 42.190046219457976
27 9 42.190046219457976
9 28 36.013886210738214
28 9 36.013886210738214
9 29 59.80802621722272
29 9 59.80802621722272
9 30 59.464274989274024
30 9 59.464274989274024
9 31 46.389654018972806
31 9 46.389654018972806
9 32 101.67103815738285
32 9 101.67103815738285
9 33 82.37718130647589
33 9 82.37718130647589
9 34 86.57944328765345
34 9 86.57944328765345
9 35 13.038404810405298
35 9 13.038404810405298
9 36 90.87353850269065
36 9 90.87353850269065
9 37 31.953090617340916
37 9 31.953090617340916
9 38 62.39390995922599
38 9 62.39390995922599
9 39 77.52418977325722
39 9 77.52418977325722
9 40 17.204650534085253
40 9 17.204650534085253
9 41 110.11357772772621
41 9 110.11357772772621
9 42 98.48857801796105
42 9 98.48857801796105
9 43 23.194827009486403
43 9 23.194827009486403
9 44 93.47726996441435
44 9 93.47726996441435
9 45 78.54934754662193
45 9 78.54934754662193
9 46 104.10091258005379
46 9 104.10091258005379
9 47 51.78802950489621
47 9 51.78802950489621
9 48 80.02499609497022
48 9 80.02499609497022
9 49 59.405386961116584
49 9 59.405386961116584
9 50 99.76472322419383
50 9 99.76472322419383
9 51 92.20086767487604
51 9 92.20086767487604
9 52 102.08329931972223
52 9 102.08329931972223
9 53 5.0990195135927845
53 9 5.0990195135927845
9 54 28.319604517012593
54 9 28.319604517012593
9 55 56.32051136131489
55 9 56.32051136131489
9 56 86.45229898620394
56 9 86.45229898620394
9 57 80.049984384758
57 9 80.049984384758
9 58 12.529964086141668
58 9 12.529964086141668
9 59 47.92702786528704
59 9 47.92702786528704
9 60 62.20128616033595
60 9 62.20128616033595
9 61 14.866068747318506
61 9 14.866068747318506
9 62 60.37383539249432
62 9 60.37383539249432
9 63 96.87620966986684
63 9 96.87620966986684
9 64 80.52328855678958
64 9 80.52328855678958
9 65 72.53275122315436
65 9 72.53275122315436
9 66 74.02702209328699
66 9 74.02702209328699
9 67 65.76473218982953
67 9 65.76473218982953
9 68 52.172789842982326
68 9 52.172789842982326
9 69 52.20153254455275
69 9 52.20153254455275
9 70 97.45255255764212
70 9 97.45255255764212
9 71 102.90286682109493
71 9 102.90286682109493
9 72 48.83646178829912
72 9 48.83646178829912
9 73 53.150729063673246
73 9 53.150729063673246
9 74 90.95603333479313
74 9 90.95603333479313
9 75 45.044422518220834
75 9 45.044422518220834
9 76 31.25699921617557
76 9 31.25699921617557
9 77 51.97114584074513
77 9 51.97114584074513
9 78 71.449282711585
78 9 71.449282711585
9 79 114.76933388322858
79 9 114.76933388322858
9 80 110.0
80 9 110.0
9 81 61.29437168288782
81 9 61.29437168288782
9 82 96.26006440887103
82 9 96.26006440887103
9 83 103.00485425454472
83 9 103.00485425454472
9 84 46.486557196677836
84 9 46.486557196677836
9 85 55.154328932550705
85 9 55.154328932550705
9 86 89.04493247793498
86 9 89.04493247793498
9 87 51.62363799656123
87 9 51.62363799656123
9 88 119.60351165413162
88 9 119.60351165413162
9 89 45.35416188179427
89 9 45.35416188179427
9 90 81.25269226308751
90 9 81.25269226308751
9 91 91.52595260361949
91 9 91.52595260361949
9 92 14.317821063276353
92 9 14.317821063276353
9 93 76.66159403508382
93 9 76.66159403508382
9 94 14.212670403551895
94 9 14.212670403551895
9 95 56.0357029044876
95 9 56.0357029044876
9 96 44.721359549995796
96 9 44.721359549995796
9 97 95.13148795220224
97 9 95.13148795220224
9 98 87.32124598286491
98 9 87.32124598286491
9 99 48.84669896727925
99 9 48.84669896727925
9 100 74.63243262818116
100 9 74.63243262818116
10 11 22.360679774997898
11 10 22.360679774997898
10 12 55.569775957799216
12 10 55.569775957799216
10 13 15.524174696260024
13 10 15.524174696260024
10 14 58.05170109479997
14 10 58.05170109479997
10 15 49.4064773081425
15 10 49.4064773081425
10 16 70.2922470831599
16 10 70.2922470831599
10 17 1.0
17 10 1.0
10 18 50.08991914547278
18 10 50.08991914547278
10 19 56.32051136131489
19 10 56.32051136131489
10 20 70.77428911688199
20 10 70.77428911688199
10 21 50.59644256269407
21 10 50.59644256269407
10 22 62.609903369994115
22 10 62.609903369994115
10 23 23.40939982143925
23 10 23.40939982143925
10 24 59.135437767890075
24 10 59.135437767890075
10 25 29.154759474226502
25 10 29.154759474226502
10 26 84.31488599292535
26 10 84.31488599292535
10 27 39.45883931389772
27 10 39.45883931389772
10 28 62.289646009589745
28 10 62.289646009589745
10 29 47.70744176750625
29 10 47.70744176750625
10 30 11.180339887498949
30 10 11.180339887498949
10 31 68.8839603971781
31 10 68.8839603971781
10 32 49.09175083453431
32 10 49.09175083453431
10 33 68.6804193347711
33 10 68.6804193347711
10 34 90.4267659490264
34 10 90.4267659490264
10 35 62.20128616033595
35 10 62.20128616033595
