customer location distance
1 2 71.56814934033156
2 1 71.56814934033156
1 3 49.4064773081425
3 1 49.4064773081425
1 4 48.373546489791295
4 1 48.373546489791295
1 5 51.40038910358559
5 1 51.40038910358559
1 6 77.0
6 1 77.0
1 7 83.60023923410746
7 1 83.60023923410746
1 8 40.85339643163099
8 1 40.85339643163099
1 9 51.0098029794274
9 1 51.0098029794274
1 10 46.06517122512408
10 1 46.06517122512408
1 11 13.0
11 1 13.0
1 12 55.758407437802596
12 1 55.758407437802596
1 13 9.0
13 1 9.0
1 14 78.77182237323191
14 1 78.77182237323191
1 15 34.132096331752024
15 1 34.132096331752024
1 16 42.04759208325728
16 1 42.04759208325728
1 17 43.657759905886145
17 1 43.657759905886145
1 18 82.00609733428362
18 1 82.00609733428362
1 19 55.57877292636101
19 1 55.57877292636101
1 20 93.47726996441435
20 1 93.47726996441435
1 21 25.0
21 1 25.0
1 22 57.982756057296896
22 1 57.982756057296896
1 23 62.00806399170998
23 1 62.00806399170998
1 24 91.21403400793103
24 1 91.21403400793103
1 25 78.91767862779544
25 1 78.91767862779544
1 26 36.61966684720111
26 1 36.61966684720111
1 27 68.8839603971781
27 1 68.8839603971781
1 28 84.92938243034621
28 1 84.92938243034621
1 29 62.0
29 1 62.0
1 30 94.79451460923254
30 1 94.79451460923254
1 31 42.44997055358225
31 1 42.44997055358225
1 32 87.04596486914255
32 1 87.04596486914255
1 33 2.23606797749979
33 1 2.23606797749979
1 34 68.96375859826666
34 1 68.96375859826666
1 35 1.4142135623730951
35 1 1.4142135623730951
1 36 14.317821063276353
36 1 14.317821063276353
1 37 103.58571330062848
37 1 103.58571330062848
1 38 54.74486277268398
38 1 54.74486277268398
1 39 61.587336360651285
39 1 61.587336360651285
1 40 93.1933474020544
40 1 93.1933474020544
1 41 63.15853069855251
41 1 63.15853069855251
1 42 81.30190649671138
42 1 81.30190649671138
1 43 55.54277630799526
43 1 55.54277630799526
1 44 56.142675390472796
44 1 56.142675390472796
1 45 37.21558813185679
45 1 37.21558813185679
1 46 72.42237223399962
46 1 72.42237223399962
1 47 80.62257748298549
47 1 80.62257748298549
1 48 25.495097567963924
48 1 25.495097567963924
1 49 34.92849839314596
49 1 34.92849839314596
1 50 33.06055050963308
50 1 33.06055050963308
1 51 9.433981132056603
51 1 9.433981132056603
1 52 81.00617260431454
52 1 81.00617260431454
1 53 77.10382610480494
53 1 77.10382610480494
1 54 85.07055894961546
54 1 85.07055894961546
1 55 85.58621384311844
55 1 85.58621384311844
1 56 53.45091205957107
56 1 53.45091205957107
1 57 100.42410069301094
57 1 100.42410069301094
1 58 82.73451516749222
58 1 82.73451516749222
1 59 61.84658438426491
59 1 61.84658438426491
1 60 75.4254598925323
60 1 75.4254598925323
1 61 73.348483283569
61 1 73.348483283569
1 62 40.26164427839479
62 1 40.26164427839479
1 63 58.25804665451803
63 1 58.25804665451803
1 64 82.22530024268686
64 1 82.22530024268686
1 65 42.05948168962618
65 1 42.05948168962618
1 66 91.2633551870629
66 1 91.2633551870629
1 67 45.09988913511872
67 1 45.09988913511872
1 68 82.07313811473277
68 1 82.07313811473277
1 69 18.35755975068582
69 1 18.35755975068582
1 70 48.373546489791295
70 1 48.373546489791295
1 71 90.27181176868004
71 1 90.27181176868004
1 72 78.5175139698144
72 1 78.5175139698144
1 73 26.076809620810597
73 1 26.076809620810597
1 74 41.012193308819754
74 1 41.012193308819754
1 75 50.039984012787215
75 1 50.039984012787215
1 76 61.00819617067857
76 1 61.00819617067857
1 77 71.17583859709698
77 1 71.17583859709698
1 78 59.64059020499378
78 1 59.64059020499378
1 79 73.55270219373317
79 1 73.55270219373317
1 80 44.68780594300866
80 1 44.68780594300866
1 81 28.284271247461902
81 1 28.284271247461902
1 82 26.019223662515376
82 1 26.019223662515376
1 83 85.0
83 1 85.0
1 84 68.73136110975832
84 1 68.73136110975832
1 85 52.009614495783374
85 1 52.009614495783374
1 86 50.99019513592785
86 1 50.99019513592785
1 87 103.39245620450265
87 1 103.39245620450265
1 88 68.59300255857006
88 1 68.59300255857006
1 89 54.00925846556311
89 1 54.00925846556311
1 90 29.732137494637012
90 1 29.732137494637012
1 91 52.0
91 1 52.0
1 92 53.009433122794285
92 1 53.009433122794285
1 93 26.476404589747453
93 1 26.476404589747453
1 94 39.20459156782532
94 1 39.20459156782532
1 95 90.13878188659973
95 1 90.13878188659973
1 96 53.009433122794285
96 1 53.009433122794285
1 97 34.785054261852174
97 1 34.785054261852174
1 98 115.97413504743201
98 1 115.97413504743201
1 99 88.3911760301898
99 1 88.3911760301898
1 100 76.16429609731846
100 1 76.16429609731846
2 3 45.17742799230607
3 2 45.17742799230607
2 4 80.4114419718985
4 2 80.4114419718985
2 5 30.463092423455635
5 2 30.463092423455635
2 6 20.615528128088304
6 2 20.615528128088304
2 7 16.64331697709324
7 2 16.64331697709324
2 8 31.25699921617557
8 2 31.25699921617557
2 9 75.15317691222374
9 2 75.15317691222374
2 10 52.80151512977634
10 2 52.80151512977634
2 11 61.84658438426491
11 2 61.84658438426491
2 12 24.596747752497688
12 2 24.596747752497688
2 13 62.93647591023825
13 2 62.93647591023825
2 14 82.73451516749222
14 2 82.73451516749222
2 15 38.48376280978771
15 2 38.48376280978771
2 16 31.016124838541646
16 2 31.016124838541646
2 17 58.309518948453004
17 2 58.309518948453004
2 18 23.853720883753127
18 2 23.853720883753127
2 19 30.4138126514911
19 2 30.4138126514911
2 20 69.07966415668217
20 2 69.07966415668217
2 21 49.16299421312742
21 2 49.16299421312742
2 22 35.608987629529715
22 2 35.608987629529715
2 23 19.313207915827967
23 2 19.313207915827967
2 24 37.12142238654117
24 2 37.12142238654117
2 25 32.28002478313795
25 2 32.28002478313795
2 26 49.24428900898052
26 2 49.24428900898052
2 27 97.6165969494942
27 2 97.6165969494942
2 28 81.83520025025906
28 2 81.83520025025906
2 29 20.248456731316587
29 2 20.248456731316587
2 30 50.15974481593781
30 2 50.15974481593781
2 31 62.03224967708329
31 2 62.03224967708329
2 32 40.311288741492746
32 2 40.311288741492746
2 33 73.08214556237385
33 2 73.08214556237385
2 34 67.89698078707183
34 2 67.89698078707183
2 35 70.3420215802759
35 2 70.3420215802759
2 36 57.28001396647874
36 2 57.28001396647874
2 37 49.03060268852505
37 2 49.03060268852505
2 38 18.027756377319946
38 2 18.027756377319946
2 39 48.83646178829912
39 2 48.83646178829912
2 40 61.68468205316454
40 2 61.68468205316454
2 41 58.7962583843564
41 2 58.7962583843564
2 42 98.08159868191383
42 2 98.08159868191383
2 43 18.24828759089466
43 2 18.24828759089466
2 44 81.8413098624405
44 2 81.8413098624405
2 45 35.34119409414458
45 2 35.34119409414458
2 46 3.0
46 2 3.0
2 47 38.600518131237564
47 2 38.600518131237564
2 48 64.28063471995279
48 2 64.28063471995279
2 49 62.81719509815764
49 2 62.81719509815764
2 50 68.4470598345904
50 2 68.4470598345904
2 51 80.65358020571685
51 2 80.65358020571685
2 52 20.09975124224178
52 2 20.09975124224178
2 53 93.23625904121208
53 2 93.23625904121208
2 54 13.892443989449804
54 2 13.892443989449804
2 55 40.607881008493905
55 2 40.607881008493905
2 56 18.24828759089466
56 2 18.24828759089466
2 57 44.14748010928823
57 2 44.14748010928823
2 58 15.264337522473747
58 2 15.264337522473747
2 59 9.848857801796104
59 2 9.848857801796104
2 60 82.80700453464067
60 2 82.80700453464067
2 61 5.830951894845301
61 2 5.830951894845301
2 62 81.49233092751734
62 2 81.49233092751734
2 63 41.23105625617661
63 2 41.23105625617661
2 64 11.0
64 2 11.0
2 65 59.80802621722272
65 2 59.80802621722272
2 66 58.52349955359813
66 2 58.52349955359813
2 67 28.844410203711913
67 2 28.844410203711913
2 68 43.01162633521314
68 2 43.01162633521314
2 69 53.9351462406472
69 2 53.9351462406472
2 70 27.459060435491963
70 2 27.459060435491963
2 71 52.392747589718944
71 2 52.392747589718944
2 72 29.410882339705484
72 2 29.410882339705484
2 73 71.34423592694787
73 2 71.34423592694787
2 74 33.28663395418648
74 2 33.28663395418648
2 75 28.319604517012593
75 2 28.319604517012593
2 76 19.697715603592208
76 2 19.697715603592208
2 77 14.142135623730951
77 2 14.142135623730951
2 78 25.0
78 2 25.0
2 79 38.47076812334269
79 2 38.47076812334269
2 80 36.40054944640259
80 2 36.40054944640259
2 81 65.62011886609167
81 2 65.62011886609167
2 82 68.3593446428504
82 2 68.3593446428504
2 83 32.01562118716424
83 2 32.01562118716424
2 84 92.9623579735368
84 2 92.9623579735368
2 85 26.248809496813376
85 2 26.248809496813376
2 86 66.64833081180653
86 2 66.64833081180653
2 87 58.0
87 2 58.0
2 88 10.04987562112089
88 2 10.04987562112089
2 89 25.0
89 2 25.0
2 90 50.21951811795888
90 2 50.21951811795888
2 91 21.02379604162864
91 2 21.02379604162864
2 92 28.635642126552707
92 2 28.635642126552707
2 93 64.38167441127949
93 2 64.38167441127949
2 94 46.57252408878007
94 2 46.57252408878007
2 95 59.135437767890075
95 2 59.135437767890075
2 96 28.635642126552707
96 2 28.635642126552707
2 97 81.21576201698781
97 2 81.21576201698781
2 98 65.11528238439882
98 2 65.11528238439882
2 99 43.41658669218482
99 2 43.41658669218482
2 100 15.652475842498529
100 2 15.652475842498529
3 4 35.90264614203248
4 3 35.90264614203248
3 5 15.0
5 3 15.0
3 6 62.48199740725323
6 3 62.48199740725323
3 7 61.773780845922005
7 3 61.773780845922005
3 8 26.570660511172846
8 3 26.570660511172846
3 9 30.083217912982647
9 3 30.083217912982647
3 10 8.06225774829855
10 3 8.06225774829855
3 11 48.104053883222775
11 3 48.104053883222775
3 12 20.591260281974
12 3 20.591260281974
3 13 44.721359549995796
13 3 44.721359549995796
3 14 42.04759208325728
14 3 42.04759208325728
3 15 37.33630940518894
15 3 37.33630940518894
3 16 23.769728648009426
16 3 23.769728648009426
3 17 14.035668847618199
17 3 14.035668847618199
3 18 67.00746227100382
18 3 67.00746227100382
3 19 54.589376255824725
19 3 54.589376255824725
3 20 45.221676218380054
20 3 45.221676218380054
3 21 26.570660511172846
21 3 26.570660511172846
3 22 12.041594578792296
22 3 12.041594578792296
3 23 51.088159097779204
23 3 51.088159097779204
3 24 45.880278987817846
24 3 45.880278987817846
3 25 71.449282711585
25 3 71.449282711585
3 26 12.806248474865697
26 3 12.806248474865697
3 27 52.478567053607705
27 3 52.478567053607705
3 28 44.384682042344295
28 3 44.384682042344295
3 29 51.85556864985669
29 3 51.85556864985669
3 30 46.22769732530488
30 3 46.22769732530488
3 31 18.027756377319946
31 3 18.027756377319946
3 32 39.824615503479755
32 3 39.824615503479755
3 33 51.61395160225576
33 3 51.61395160225576
3 34 27.51363298439521
34 3 27.51363298439521
3 35 48.010415536631214
35 3 48.010415536631214
3 36 39.92492955535426
36 3 39.92492955535426
3 37 56.824290580701486
37 3 56.824290580701486
3 38 39.824615503479755
38 3 39.824615503479755
3 39 12.649110640673518
39 3 12.649110640673518
3 40 43.9089968002003
40 3 43.9089968002003
3 41 18.439088914585774
41 3 18.439088914585774
3 42 54.56189146281496
42 3 54.56189146281496
3 43 28.42534080710379
43 3 28.42534080710379
3 44 36.6742416417845
44 3 36.6742416417845
3 45 36.87817782917155
45 3 36.87817782917155
3 46 43.86342439892262
46 3 43.86342439892262
3 47 33.12099032335839
47 3 33.12099032335839
3 48 28.30194339616981
48 3 28.30194339616981
3 49 21.840329667841555
49 3 21.840329667841555
3 50 27.892651361962706
50 3 27.892651361962706
3 51 58.25804665451803
51 3 58.25804665451803
3 52 42.01190307520001
52 3 42.01190307520001
3 53 49.57822102496216
53 3 49.57822102496216
3 54 53.85164807134504
54 3 53.85164807134504
3 55 38.07886552931954
55 3 38.07886552931954
3 56 32.55764119219941
56 3 32.55764119219941
3 57 54.62600113499065
57 3 54.62600113499065
3 58 60.41522986797286
58 3 60.41522986797286
3 59 39.824615503479755
59 3 39.824615503479755
3 60 40.8166632639171
60 3 40.8166632639171
3 61 50.24937810560445
61 3 50.24937810560445
3 62 39.01281840626232
62 3 39.01281840626232
3 63 9.433981132056603
63 3 9.433981132056603
3 64 55.154328932550705
64 3 55.154328932550705
3 65 16.0
65 3 16.0
3 66 41.88078318274385
66 3 41.88078318274385
3 67 40.311288741492746
67 3 40.311288741492746
3 68 33.60059523282288
68 3 33.60059523282288
3 69 33.61547262794322
69 3 33.61547262794322
3 70 20.615528128088304
70 3 20.615528128088304
3 71 41.036569057366385
71 3 41.036569057366385
3 72 69.29646455628166
72 3 69.29646455628166
3 73 34.0147027033899
73 3 34.0147027033899
3 74 40.80441152620633
74 3 40.80441152620633
3 75 46.95742752749558
75 3 46.95742752749558
3 76 50.44799302251776
76 3 50.44799302251776
3 77 54.67174773134658
77 3 54.67174773134658
3 78 20.8806130178211
78 3 20.8806130178211
3 79 25.553864678361276
79 3 25.553864678361276
3 80 12.083045973594572
80 3 12.083045973594572
3 81 27.730849247724095
81 3 27.730849247724095
3 82 31.304951684997057
82 3 31.304951684997057
3 83 40.52159917870962
83 3 40.52159917870962
3 84 48.010415536631214
84 3 48.010415536631214
3 85 47.01063709417264
85 3 47.01063709417264
3 86 21.470910553583888
86 3 21.470910553583888
3 87 54.48853090330111
87 3 54.48853090330111
3 88 49.8196748283246
88 3 49.8196748283246
3 89 48.02082881417188
89 3 48.02082881417188
3 90 50.00999900019995
90 3 50.00999900019995
3 91 27.586228448267445
91 3 27.586228448267445
3 92 16.64331697709324
92 3 16.64331697709324
3 93 27.784887978899608
93 3 27.784887978899608
3 94 10.295630140987
94 3 10.295630140987
3 95 40.8166632639171
95 3 40.8166632639171
3 96 16.64331697709324
96 3 16.64331697709324
3 97 40.607881008493905
97 3 40.607881008493905
3 98 67.47592163134935
98 3 67.47592163134935
3 99 40.496913462633174
99 3 40.496913462633174
3 100 58.60034129593445
100 3 58.60034129593445
4 5 49.9799959983992
5 4 49.9799959983992
4 6 95.88013350011565
6 4 95.88013350011565
4 7 96.77293009927931
7 4 96.77293009927931
4 8 55.0
8 4 55.0
4 9 7.615773105863909
9 4 7.615773105863909
4 10 27.892651361962706
10 4 27.892651361962706
4 11 55.97320787662612
11 4 55.97320787662612
4 12 55.97320787662612
12 4 55.97320787662612
4 13 50.28916384272063
13 4 50.28916384272063
4 14 34.48187929913333
14 4 34.48187929913333
4 15 60.207972893961475
15 4 60.207972893961475
4 16 53.25410782277739
16 4 53.25410782277739
4 17 22.135943621178654
17 4 22.135943621178654
4 18 100.72239075796404
18 4 100.72239075796404
4 19 82.80700453464067
19 4 82.80700453464067
4 20 60.21627686929839
20 4 60.21627686929839
4 21 42.01190307520001
21 4 42.01190307520001
4 22 47.51841748206689
22 4 47.51841748206689
4 23 82.66196223173026
23 4 82.66196223173026
4 24 78.40918313565064
24 4 78.40918313565064
4 25 103.22790320451152
25 4 103.22790320451152
4 26 32.449961479175904
26 4 32.449961479175904
4 27 21.470910553583888
27 4 21.470910553583888
4 28 42.43819034784589
28 4 42.43819034784589
4 29 83.23460818673925
29 4 83.23460818673925
4 30 74.04052944165107
30 4 74.04052944165107
4 31 18.384776310850235
31 4 18.384776310850235
4 32 70.8590149522275
32 4 70.8590149522275
4 33 50.24937810560445
33 4 50.24937810560445
4 34 31.622776601683793
34 4 31.622776601683793
4 35 47.51841748206689
35 4 47.51841748206689
4 36 49.24428900898052
36 4 49.24428900898052
4 37 87.0976463516667
37 4 87.0976463516667
4 38 71.56116265125938
38 4 71.56116265125938
4 39 39.20459156782532
39 4 39.20459156782532
4 40 64.41273166075166
40 4 64.41273166075166
4 41 32.57299494980466
41 4 32.57299494980466
4 42 33.015148038438355
42 4 33.015148038438355
4 43 62.64982043070834
43 4 62.64982043070834
4 44 8.246211251235321
44 4 8.246211251235321
4 45 61.5223536610881
45 4 61.5223536610881
4 46 79.37883848986453
46 4 79.37883848986453
4 47 64.4980619863884
47 4 64.4980619863884
4 48 25.495097567963924
48 4 25.495097567963924
4 49 19.79898987322333
49 4 19.79898987322333
4 50 17.0
50 4 17.0
4 51 53.03772242470448
51 4 53.03772242470448
4 52 77.52418977325722
52 4 77.52418977325722
4 53 29.068883707497267
53 4 29.068883707497267
4 54 89.73850901368932
54 4 89.73850901368932
4 55 68.8839603971781
55 4 68.8839603971781
4 56 65.36818798161687
56 4 65.36818798161687
4 57 86.14522621712709
57 4 86.14522621712709
4 58 95.46203433826454
58 4 95.46203433826454
4 59 73.79024325749306
59 4 73.79024325749306
4 60 30.4138126514911
60 4 30.4138126514911
4 61 85.0881895447306
61 4 85.0881895447306
4 62 9.848857801796104
62 4 9.848857801796104
4 63 43.104524124504614
63 4 43.104524124504614
4 64 90.75791976461338
64 4 90.75791976461338
4 65 20.615528128088304
65 4 20.615528128088304
4 66 63.97655820689325
66 4 63.97655820689325
4 67 68.01470429252781
67 4 68.01470429252781
4 68 63.150613615387776
68 4 63.150613615387776
4 69 44.77722635447622
69 4 44.77722635447622
4 70 53.665631459994955
70 4 53.665631459994955
4 71 66.73080248281148
71 4 66.73080248281148
4 72 101.51354589413178
72 4 101.51354589413178
4 73 22.360679774997898
73 4 22.360679774997898
4 74 66.46803743153546
74 4 66.46803743153546
4 75 75.07329751649384
75 4 75.07329751649384
4 76 81.8413098624405
76 4 81.8413098624405
4 77 88.19297024139736
77 4 88.19297024139736
4 78 56.753854494650845
78 4 56.753854494650845
4 79 57.21887800367987
79 4 57.21887800367987
4 80 44.28317965096906
80 4 44.28317965096906
4 81 22.360679774997898
81 4 22.360679774997898
4 82 23.08679276123039
82 4 23.08679276123039
4 83 74.06078584514209
83 4 74.06078584514209
4 84 20.396078054371138
84 4 20.396078054371138
4 85 75.92759709091287
85 4 75.92759709091287
4 86 16.1245154965971
86 4 16.1245154965971
4 87 80.4114419718985
87 4 80.4114419718985
4 88 83.64807230295268
88 4 83.64807230295268
4 89 77.46612162745726
89 4 77.46612162745726
4 90 67.23094525588644
90 4 67.23094525588644
4 91 60.8276253029822
91 4 60.8276253029822
4 92 51.86520991955976
92 4 51.86520991955976
4 93 24.596747752497688
93 4 24.596747752497688
4 94 34.48187929913333
94 4 34.48187929913333
4 95 62.16912416947821
95 4 62.16912416947821
4 96 51.86520991955976
96 4 51.86520991955976
4 97 15.811388300841896
97 4 15.811388300841896
4 98 93.77632963600144
98 4 93.77632963600144
4 99 70.40596565632774
99 4 70.40596565632774
4 100 92.59049627256569
100 4 92.59049627256569
5 6 47.50789408087881
6 5 47.50789408087881
5 7 46.95742752749558
7 5 46.95742752749558
5 8 16.278820596099706
8 5 16.278820596099706
5 9 44.721359549995796
9 5 44.721359549995796
5 10 22.360679774997898
10 5 22.360679774997898
5 11 46.22769732530488
11 5 46.22769732530488
5 12 6.082762530298219
12 5 6.082762530298219
5 13 44.553338819890925
13 5 44.553338819890925
5 14 55.758407437802596
14 5 55.758407437802596
5 15 28.861739379323623
15 5 28.861739379323623
5 16 13.341664064126334
16 5 13.341664064126334
5 17 27.85677655436824
17 5 27.85677655436824
5 18 52.009614495783374
18 5 52.009614495783374
5 19 41.43669871020132
19 5 41.43669871020132
5 20 52.03844732503075
20 5 52.03844732503075
5 21 26.40075756488817
21 5 26.40075756488817
5 22 10.0
22 5 10.0
5 23 36.61966684720111
23 5 36.61966684720111
5 24 39.824615503479755
24 5 39.824615503479755
5 25 56.72741841473134
25 5 56.72741841473134
5 26 20.024984394500787
26 5 20.024984394500787
5 27 67.4166151627327
27 5 67.4166151627327
5 28 56.859475903318
28 5 56.859475903318
5 29 37.44329045369811
29 5 37.44329045369811
5 30 44.94441010848846
30 5 44.94441010848846
5 31 31.622776601683793
31 5 31.622776601683793
5 32 36.235341863986875
32 5 36.235341863986875
5 33 53.41348144429457
33 5 53.41348144429457
5 34 40.8166632639171
34 5 40.8166632639171
5 35 50.0
35 5 50.0
5 36 38.897300677553446
36 5 38.897300677553446
5 37 52.3450093132096
37 5 52.3450093132096
5 38 25.553864678361276
38 5 25.553864678361276
5 39 22.47220505424423
39 5 22.47220505424423
5 40 48.05205510693585
40 5 48.05205510693585
5 41 31.38470965295043
41 5 31.38470965295043
5 42 69.31089380465383
42 5 69.31089380465383
5 43 13.45362404707371
43 5 13.45362404707371
5 44 51.478150704935004
44 5 51.478150704935004
5 45 27.294688127912362
45 5 27.294688127912362
5 46 29.410882339705484
46 5 29.410882339705484
5 47 30.23243291566195
47 5 30.23243291566195
5 48 36.49657518178932
48 5 36.49657518178932
5 49 33.13608305156178
49 5 33.13608305156178
5 50 39.05124837953327
50 5 39.05124837953327
5 51 60.802960454241045
51 5 60.802960454241045
5 52 31.04834939252005
52 5 31.04834939252005
5 53 64.35060217278468
53 5 64.35060217278468
5 54 40.311288741492746
54 5 40.311288741492746
5 55 35.0
55 5 35.0
5 56 18.027756377319946
56 5 18.027756377319946
5 57 49.040799340956916
57 5 49.040799340956916
5 58 45.617978911828175
58 5 45.617978911828175
5 59 24.839484696748443
59 5 24.839484696748443
5 60 55.0
60 5 55.0
5 61 35.35533905932738
61 5 35.35533905932738
5 62 51.62363799656123
62 5 51.62363799656123
5 63 14.560219778561036
63 5 14.560219778561036
5 64 40.80441152620633
64 5 40.80441152620633
5 65 29.410882339705484
65 5 29.410882339705484
5 66 45.35416188179427
66 5 45.35416188179427
5 67 28.284271247461902
67 5 28.284271247461902
5 68 32.64965543462902
68 5 32.64965543462902
5 69 33.301651610693426
69 5 33.301651610693426
5 70 7.0710678118654755
70 5 7.0710678118654755
5 71 42.15447781671598
71 5 42.15447781671598
5 72 54.48853090330111
72 5 54.48853090330111
5 73 43.289721643826724
73 5 43.289721643826724
5 74 30.0
74 5 30.0
5 75 34.20526275297414
75 5 34.20526275297414
5 76 36.05551275463989
76 5 36.05551275463989
5 77 39.698866482558415
77 5 39.698866482558415
5 78 8.54400374531753
78 5 8.54400374531753
5 79 24.166091947189145
79 5 24.166091947189145
5 80 7.280109889280518
80 5 7.280109889280518
5 81 37.12142238654117
81 5 37.12142238654117
5 82 40.311288741492746
82 5 40.311288741492746
5 83 33.60059523282288
83 5 33.60059523282288
5 84 63.00793600809346
84 5 63.00793600809346
5 85 33.83784863137726
85 5 33.83784863137726
5 86 36.359317925395686
86 5 36.359317925395686
5 87 53.85164807134504
87 5 53.85164807134504
5 88 34.828149534535996
88 5 34.828149534535996
5 89 34.539832078341085
89 5 34.539832078341085
5 90 43.01162633521314
90 5 43.01162633521314
5 91 13.038404810405298
91 5 13.038404810405298
5 92 2.0
92 5 2.0
5 93 36.345563690772494
93 5 36.345563690772494
5 94 17.0
94 5 17.0
5 95 44.91102314577124
95 5 44.91102314577124
5 96 2.0
96 5 2.0
5 97 52.03844732503075
97 5 52.03844732503075
5 98 65.60487786742691
98 5 65.60487786742691
5 99 38.01315561749642
99 5 38.01315561749642
5 100 43.60045871318328
100 5 43.60045871318328
6 7 11.661903789690601
7 6 11.661903789690601
6 8 41.78516483155236
8 6 41.78516483155236
6 9 91.52595260361949
9 6 91.52595260361949
6 10 69.40461079784254
10 6 69.40461079784254
6 11 65.19202405202648
11 6 65.19202405202648
6 12 42.42640687119285
12 6 42.42640687119285
6 13 68.0
13 6 68.0
6 14 102.17631819555841
14 6 102.17631819555841
6 15 43.104524124504614
15 6 43.104524124504614
6 16 42.95346318982906
16 6 42.95346318982906
6 17 74.33034373659252
17 6 74.33034373659252
6 18 5.0990195135927845
18 6 5.0990195135927845
6 19 23.40939982143925
19 6 23.40939982143925
6 20 89.69392398596462
20 6 89.69392398596462
6 21 58.9406481131655
21 6 58.9406481131655
6 22 54.56189146281496
22 6 54.56189146281496
6 23 15.033296378372908
23 6 15.033296378372908
6 24 56.22277118748239
24 6 56.22277118748239
6 25 12.041594578792296
25 6 12.041594578792296
6 26 63.52952069707436
26 6 63.52952069707436
6 27 114.62111498323509
27 6 114.62111498323509
6 28 101.83319694480774
28 6 101.83319694480774
6 29 15.0
29 6 15.0
6 30 70.03570517957252
30 6 70.03570517957252
6 31 77.69813382572325
31 6 77.69813382572325
6 32 60.41522986797286
32 6 60.41522986797286
6 33 78.02563681252464
33 6 78.02563681252464
6 34 87.20665112249179
34 6 87.20665112249179
6 35 76.00657866263946
35 6 76.00657866263946
6 36 63.071388124885914
36 6 63.071388124885914
6 37 67.02984409947557
37 6 67.02984409947557
6 38 24.698178070456937
38 6 24.698178070456937
6 39 68.11754546370561
39 6 68.11754546370561
6 40 82.21921916437786
40 6 82.21921916437786
6 41 77.89736837660179
41 6 77.89736837660179
6 42 116.69190203266035
42 6 116.69190203266035
6 43 34.058772731852805
43 6 34.058772731852805
6 44 98.4733466477097
44 6 98.4733466477097
6 45 40.19950248448356
45 6 40.19950248448356
6 46 23.40939982143925
46 6 23.40939982143925
6 47 59.135437767890075
47 6 59.135437767890075
6 48 76.21679604916491
48 6 76.21679604916491
6 49 76.92203845452875
49 6 76.92203845452875
6 50 81.93900170248598
50 6 81.93900170248598
6 51 85.14693182963201
51 6 85.14693182963201
6 52 39.45883931389772
52 6 39.45883931389772
6 53 111.75866856758807
53 6 111.75866856758807
6 54 26.30589287593181
54 6 26.30589287593181
6 55 60.876925020897694
55 6 60.876925020897694
6 56 30.528675044947494
56 6 30.528675044947494
6 57 62.03224967708329
57 6 62.03224967708329
6 58 12.083045973594572
58 6 12.083045973594572
6 59 22.67156809750927
59 6 22.67156809750927
6 60 101.91172650877817
60 6 101.91172650877817
6 61 14.866068747318506
61 6 14.866068747318506
6 62 95.34149149242423
62 6 95.34149149242423
6 63 60.207972893961475
63 6 60.207972893961475
6 64 19.235384061671343
64 6 19.235384061671343
6 65 75.47184905645283
65 6 75.47184905645283
6 66 79.05694150420949
66 6 79.05694150420949
6 67 32.14031735997639
67 6 32.14031735997639
6 68 63.56886030125127
68 6 63.56886030125127
6 69 61.66036003787198
69 6 61.66036003787198
6 70 42.43819034784589
70 6 42.43819034784589
6 71 72.80109889280519
71 6 72.80109889280519
6 72 9.055385138137417
72 6 9.055385138137417
6 73 83.16850365372699
73 6 83.16850365372699
6 74 36.013886210738214
74 6 36.013886210738214
6 75 27.073972741361768
75 6 27.073972741361768
6 76 16.0312195418814
76 6 16.0312195418814
6 77 7.810249675906654
77 6 7.810249675906654
6 78 44.04543109109048
78 6 44.04543109109048
6 79 59.033888572581766
79 6 59.033888572581766
6 80 51.86520991955976
80 6 51.86520991955976
6 81 78.18567643756751
81 6 78.18567643756751
6 82 80.32434251209281
82 6 80.32434251209281
6 83 51.78802950489621
83 6 51.78802950489621
6 84 110.42191811411355
84 6 110.42191811411355
6 85 25.019992006393608
85 6 25.019992006393608
6 86 83.60023923410746
86 6 83.60023923410746
6 87 77.41446893184762
87 6 77.41446893184762
6 88 12.727922061357855
88 6 12.727922061357855
6 89 23.021728866442675
89 6 23.021728866442675
6 90 50.00999900019995
90 6 50.00999900019995
6 91 35.22782990761707
91 6 35.22782990761707
6 92 46.010868281309364
92 6 46.010868281309364
6 93 76.55063683601855
93 6 76.55063683601855
6 94 61.40032573203501
94 6 61.40032573203501
6 95 79.71198153351854
95 6 79.71198153351854
6 96 46.010868281309364
96 6 46.010868281309364
6 97 93.98404119849285
97 6 93.98404119849285
6 98 83.09632964216891
98 6 83.09632964216891
6 99 63.56099432828282
99 6 63.56099432828282
6 100 5.0990195135927845
100 6 5.0990195135927845
7 8 45.27692569068709
8 7 45.27692569068709
7 9 91.67878707749138
9 7 91.67878707749138
7 10 69.31810730249349
10 7 69.31810730249349
7 11 72.56721022610694
11 7 72.56721022610694
7 12 41.182520563948
12 7 41.182520563948
7 13 74.67261881037788
13 7 74.67261881037788
7 14 99.03534722511958
14 7 99.03534722511958
7 15 49.49747468305833
15 7 49.49747468305833
7 16 45.70557952810576
16 7 45.70557952810576
7 17 74.73285756613352
17 7 74.73285756613352
7 18 11.045361017187261
18 7 11.045361017187261
7 19 33.28663395418648
19 7 33.28663395418648
7 20 83.24061508662703
20 7 83.24061508662703
7 21 63.198101237299845
21 7 63.198101237299845
7 22 52.20153254455275
22 7 52.20153254455275
7 23 22.847319317591726
23 7 22.847319317591726
7 24 47.29693436154187
24 7 47.29693436154187
7 25 22.561028345356956
25 7 22.561028345356956
7 26 65.14598989960932
26 7 65.14598989960932
7 27 114.23659658795863
27 7 114.23659658795863
7 28 97.74456506629922
28 7 97.74456506629922
7 29 23.259406699226016
29 7 23.259406699226016
7 30 61.68468205316454
30 7 61.68468205316454
7 31 78.39005038906404
31 7 78.39005038906404
7 32 52.55473337388365
32 7 52.55473337388365
7 33 84.8528137423857
33 7 84.8528137423857
7 34 84.29116205154607
34 7 84.29116205154607
7 35 82.49242389456137
35 7 82.49242389456137
7 36 69.35416353759881
36 7 69.35416353759881
7 37 57.14017850864661
37 7 57.14017850864661
7 38 29.017236257093817
38 7 29.017236257093817
7 39 65.29931086925804
39 7 65.29931086925804
7 40 75.15317691222374
40 7 75.15317691222374
7 41 75.28612089887484
41 7 75.28612089887484
7 42 114.63420083029322
42 7 114.63420083029322
7 43 34.17601498127012
43 7 34.17601498127012
7 44 98.41239759298622
44 7 98.41239759298622
7 45 46.389654018972806
45 7 46.389654018972806
7 46 18.439088914585774
46 7 18.439088914585774
7 47 52.354560450833695
47 7 52.354560450833695
7 48 79.42921376924235
48 7 79.42921376924235
7 49 78.74642849044012
49 7 78.74642849044012
7 50 84.20213774008353
50 7 84.20213774008353
7 51 92.22797840135064
51 7 92.22797840135064
7 52 31.38470965295043
52 7 31.38470965295043
7 53 109.80892495603443
53 7 109.80892495603443
7 54 16.1245154965971
54 7 16.1245154965971
7 55 53.31041174104736
55 7 53.31041174104736
7 56 32.55764119219941
56 7 32.55764119219941
7 57 52.15361924162119
57 7 52.15361924162119
7 58 1.4142135623730951
58 7 1.4142135623730951
7 59 23.53720459187964
59 7 23.53720459187964
7 60 99.24716620639605
60 7 99.24716620639605
7 61 11.704699910719626
61 7 11.704699910719626
7 62 97.41663102366043
62 7 97.41663102366043
7 63 57.8013840664737
63 7 57.8013840664737
7 64 9.486832980505138
64 7 9.486832980505138
7 65 76.15773105863909
65 7 76.15773105863909
7 66 72.01388754955533
66 7 72.01388754955533
7 67 38.63935817272331
67 7 38.63935817272331
7 68 56.824290580701486
68 7 56.824290580701486
7 69 67.00746227100382
69 7 67.00746227100382
7 70 43.32435804486894
70 7 43.32435804486894
7 71 65.39113089708727
71 7 65.39113089708727
7 72 19.6468827043885
72 7 19.6468827043885
7 73 86.49277426467485
73 7 86.49277426467485
7 74 42.95346318982906
74 7 42.95346318982906
7 75 35.11409973215888
75 7 35.11409973215888
7 76 23.769728648009426
76 7 23.769728648009426
7 77 13.0
77 7 13.0
7 78 41.617304093369626
78 7 41.617304093369626
7 79 53.600373133029585
79 7 53.600373133029585
7 80 52.55473337388365
80 7 52.55473337388365
7 81 81.02468759581859
81 7 81.02468759581859
7 82 83.54639429682169
82 7 83.54639429682169
7 83 43.657759905886145
83 7 43.657759905886145
7 84 109.60383204979651
84 7 109.60383204979651
7 85 32.89376840679705
85 7 32.89376840679705
7 86 83.24061508662703
86 7 83.24061508662703
7 87 68.4470598345904
87 7 68.4470598345904
7 88 15.033296378372908
88 7 15.033296378372908
7 89 31.016124838541646
89 7 31.016124838541646
7 90 58.52349955359813
90 7 58.52349955359813
7 91 36.40054944640259
91 7 36.40054944640259
7 92 45.17742799230607
92 7 45.17742799230607
7 93 79.62411694957753
93 7 79.62411694957753
7 94 62.625873247404705
94 7 62.625873247404705
7 95 72.89718787443039
95 7 72.89718787443039
7 96 45.17742799230607
96 7 45.17742799230607
7 97 96.77293009927931
97 7 96.77293009927931
7 98 73.02739212103907
98 7 73.02739212103907
7 99 55.71355310873648
99 7 55.71355310873648
7 100 8.602325267042627
100 7 8.602325267042627
8 9 51.62363799656123
9 8 51.62363799656123
8 10 31.064449134018133
10 8 31.064449134018133
8 11 32.802438933713454
11 8 32.802438933713454
8 12 17.4928556845359
12 8 17.4928556845359
8 13 32.64965543462902
13 8 32.64965543462902
8 14 68.54195795277518
14 8 68.54195795277518
8 15 12.649110640673518
15 8 12.649110640673518
8 16 3.0
16 8 3.0
8 17 34.713109915419565
17 8 34.713109915419565
8 18 46.8187996428785
18 8 46.8187996428785
8 19 28.600699292150182
19 8 28.600699292150182
8 20 68.18357573492314
20 8 68.18357573492314
8 21 18.0
21 8 18.0
8 22 26.1725046566048
22 8 26.1725046566048
8 23 27.784887978899608
23 8 27.784887978899608
8 24 53.2634959423431
24 8 53.2634959423431
8 25 48.25971404805462
25 8 48.25971404805462
8 26 22.67156809750927
26 8 22.67156809750927
8 27 74.96665925596525
27 8 74.96665925596525
8 28 70.8801805866774
28 8 70.8801805866774
8 29 28.30194339616981
29 8 28.30194339616981
8 30 60.37383539249432
30 8 60.37383539249432
8 31 37.48332962798263
31 8 37.48332962798263
8 32 51.10772935672255
32 8 51.10772935672255
8 33 42.5440947723653
33 8 42.5440947723653
8 34 54.08326913195984
34 8 54.08326913195984
8 35 39.56008088970496
35 8 39.56008088970496
8 36 26.832815729997478
36 8 26.832815729997478
8 37 66.21933252457322
37 8 66.21933252457322
8 38 17.08800749063506
38 8 17.08800749063506
8 39 37.33630940518894
39 8 37.33630940518894
8 40 64.32728814430156
40 8 64.32728814430156
8 41 44.9221548904324
41 8 44.9221548904324
8 42 79.88116173416608
42 8 79.88116173416608
8 43 14.7648230602334
43 8 14.7648230602334
8 44 58.69412236331676
44 8 58.69412236331676
8 45 11.045361017187261
45 8 11.045361017187261
8 46 31.78049716414141
46 8 31.78049716414141
8 47 45.617978911828175
47 8 45.617978911828175
8 48 34.48187929913333
48 8 34.48187929913333
8 49 35.510561809129406
49 8 35.510561809129406
8 50 40.24922359499622
50 8 40.24922359499622
8 51 50.15974481593781
51 8 50.15974481593781
8 52 40.80441152620633
52 8 40.80441152620633
8 53 74.88658090739622
53 8 74.88658090739622
8 54 44.384682042344295
54 8 44.384682042344295
8 55 50.11985634456667
55 8 50.11985634456667
8 56 13.038404810405298
56 8 13.038404810405298
8 57 62.369864518050704
57 8 62.369864518050704
8 58 44.181444068749045
58 8 44.181444068749045
8 59 22.0
59 8 22.0
8 60 67.08203932499369
60 8 67.08203932499369
8 61 34.0147027033899
61 8 34.0147027033899
8 62 53.665631459994955
62 8 53.665631459994955
8 63 30.01666203960727
63 8 30.01666203960727
8 64 42.190046219457976
64 8 42.190046219457976
8 65 35.35533905932738
65 8 35.35533905932738
8 66 61.61168720299745
66 8 61.61168720299745
8 67 13.892443989449804
67 8 13.892443989449804
8 68 48.46648326421054
68 8 48.46648326421054
8 69 22.80350850198276
69 8 22.80350850198276
8 70 9.848857801796104
70 8 9.848857801796104
8 71 58.18934610390462
71 8 58.18934610390462
8 72 46.647615158762406
72 8 46.647615158762406
8 73 41.48493702538308
73 8 41.48493702538308
8 74 14.317821063276353
74 8 14.317821063276353
8 75 20.808652046684813
75 8 20.808652046684813
8 76 26.92582403567252
76 8 26.92582403567252
8 77 34.48187929913333
77 8 34.48187929913333
8 78 21.95449840010015
78 8 21.95449840010015
8 79 40.162171256046406
79 8 40.162171256046406
8 80 14.560219778561036
80 8 14.560219778561036
8 81 36.40054944640259
81 8 36.40054944640259
8 82 38.600518131237564
82 8 38.600518131237564
8 83 46.861498055439924
83 8 46.861498055439924
8 84 71.50524456289902
84 8 71.50524456289902
8 85 21.2602916254693
85 8 21.2602916254693
8 86 44.82186966202994
86 8 44.82186966202994
8 87 69.31810730249349
87 8 69.31810730249349
8 88 30.59411708155671
88 8 30.59411708155671
8 89 22.627416997969522
89 8 22.627416997969522
8 90 26.92582403567252
90 8 26.92582403567252
8 91 11.180339887498949
91 8 11.180339887498949
8 92 16.76305461424021
92 8 16.76305461424021
8 93 34.785054261852174
93 8 34.785054261852174
8 94 21.2602916254693
94 8 21.2602916254693
8 95 61.18823416311342
95 8 61.18823416311342
8 96 16.76305461424021
96 8 16.76305461424021
8 97 52.20153254455275
97 8 52.20153254455275
8 98 80.45495634204272
98 8 80.45495634204272
8 99 53.23532661682466
99 8 53.23532661682466
8 100 39.293765408777
100 8 39.293765408777
9 10 22.360679774997898
10 9 22.360679774997898
9 11 57.0701322935211
11 9 57.0701322935211
9 12 50.566787519082126
12 9 50.566787519082126
9 13 51.62363799656123
13 9 51.62363799656123
9 14 28.792360097775937
14 9 28.792360097775937
9 15 58.249463516842795
15 9 58.249463516842795
9 16 49.57822102496216
16 9 49.57822102496216
9 17 17.204650534085253
17 9 17.204650534085253
9 18 96.25487000666512
18 9 96.25487000666512
9 19 79.98124780221924
19 9 79.98124780221924
9 20 52.80151512977634
20 9 52.80151512977634
9 21 40.70626487409524
21 9 40.70626487409524
9 22 41.23105625617661
22 9 41.23105625617661
9 23 78.87331614684399
23 9 78.87331614684399
9 24 71.17583859709698
24 9 71.17583859709698
9 25 99.48869282486326
25 9 99.48869282486326
9 26 29.0
26 9 29.0
9 27 23.345235059857504
27 9 23.345235059857504
9 28 36.235341863986875
28 9 36.235341863986875
9 29 79.51100552753688
29 9 79.51100552753688
9 30 66.48308055437865
30 9 66.48308055437865
9 31 14.142135623730951
31 9 14.142135623730951
9 32 63.50590523722971
32 9 63.50590523722971
9 33 53.03772242470448
33 9 53.03772242470448
9 34 24.20743687382041
34 9 24.20743687382041
9 35 50.0
35 9 50.0
9 36 49.72926703662542
36 9 49.72926703662542
9 37 79.62411694957753
37 9 79.62411694957753
9 38 67.62396025078685
38 9 67.62396025078685
9 39 32.01562118716424
39 9 32.01562118716424
9 40 56.824290580701486
40 9 56.824290580701486
9 41 25.0
41 9 25.0
9 42 31.04834939252005
42 9 31.04834939252005
9 43 57.8013840664737
43 9 57.8013840664737
9 44 7.0710678118654755
44 9 7.0710678118654755
9 45 59.20304046246274
45 9 59.20304046246274
9 46 73.92563831310488
46 9 73.92563831310488
9 47 57.21887800367987
47 9 57.21887800367987
9 48 26.30589287593181
48 9 26.30589287593181
9 49 18.384776310850235
49 9 18.384776310850235
9 50 18.027756377319946
50 9 18.027756377319946
9 51 56.71860364994893
51 9 56.71860364994893
9 52 71.02112361825881
52 9 71.02112361825881
9 53 26.476404589747453
53 9 26.476404589747453
9 54 83.81527307120105
54 9 83.81527307120105
9 55 61.5223536610881
55 9 61.5223536610881
9 56 61.032778078668514
56 9 61.032778078668514
9 57 78.77182237323191
57 9 78.77182237323191
9 58 90.33825324855468
58 9 90.33825324855468
9 59 69.1158447825099
59 9 69.1158447825099
9 60 25.0
60 9 25.0
9 61 80.06247560499239
61 9 80.06247560499239
9 62 16.278820596099706
62 9 16.278820596099706
9 63 36.49657518178932
63 9 36.49657518178932
9 64 85.23496934944014
64 9 85.23496934944014
9 65 16.278820596099706
65 9 16.278820596099706
9 66 56.36488268416781
66 9 56.36488268416781
9 67 65.11528238439882
67 9 65.11528238439882
9 68 55.731499172371095
68 9 55.731499172371095
9 69 44.598206241955516
69 9 44.598206241955516
9 70 49.09175083453431
70 9 49.09175083453431
9 71 59.135437767890075
71 9 59.135437767890075
9 72 97.6165969494942
72 9 97.6165969494942
9 73 25.179356624028344
73 9 25.179356624028344
9 74 64.03124237432849
74 9 64.03124237432849
9 75 72.18032973047436
75 9 72.18032973047436
9 76 78.10249675906654
76 9 78.10249675906654
9 77 83.7615663654877
77 9 83.7615663654877
9 78 50.92150822589606
78 9 50.92150822589606
9 79 50.039984012787215
79 9 50.039984012787215
9 80 39.66106403010388
80 9 39.66106403010388
9 81 23.194827009486403
81 9 23.194827009486403
9 82 25.0
82 9 25.0
9 83 67.0
83 9 67.0
9 84 20.248456731316587
84 9 20.248456731316587
9 85 72.83543093852057
85 9 72.83543093852057
9 86 9.055385138137417
86 9 9.055385138137417
9 87 72.80109889280519
87 9 72.80109889280519
9 88 79.07591289387686
88 9 79.07591289387686
9 89 74.24957912338628
89 9 74.24957912338628
9 90 66.70832032063167
90 9 66.70832032063167
9 91 56.302753041036986
91 9 56.302753041036986
9 92 46.51881339845203
92 9 46.51881339845203
9 93 25.317977802344327
93 9 25.317977802344327
9 94 30.479501308256342
94 9 30.479501308256342
9 95 54.56189146281496
95 9 54.56189146281496
9 96 46.51881339845203
96 9 46.51881339845203
9 97 21.633307652783937
97 9 21.633307652783937
9 98 86.16263691415206
98 9 86.16263691415206
9 99 62.96824596572466
99 9 62.96824596572466
9 100 87.98295289429652
100 9 87.98295289429652
10 11 46.87216658103186
11 10 46.87216658103186
10 12 28.231188426986208
12 10 28.231188426986208
10 13 42.720018726587654
13 10 42.720018726587654
10 14 38.3275357934736
14 10 38.3275357934736
10 15 40.162171256046406
15 10 40.162171256046406
10 16 28.600699292150182
16 10 28.600699292150182
10 17 6.0
17 10 6.0
10 18 74.06078584514209
18 10 74.06078584514209
10 19 59.64059020499378
19 10 59.64059020499378
10 20 47.41307836451879
20 10 47.41307836451879
10 21 26.019223662515376
21 10 26.019223662515376
10 22 20.0
22 10 20.0
10 23 57.28001396647874
23 10 57.28001396647874
10 24 53.16013544000805
24 10 53.16013544000805
10 25 77.83315488916018
25 10 77.83315488916018
10 26 11.0
26 10 11.0
10 27 45.221676218380054
27 10 45.221676218380054
10 28 42.1070065428546
28 10 42.1070065428546
10 29 57.982756057296896
29 10 57.982756057296896
10 30 52.15361924162119
30 10 52.15361924162119
10 31 10.0
31 10 10.0
10 32 46.61544808322666
32 10 46.61544808322666
10 33 48.30113870293329
33 10 48.30113870293329
10 34 25.019992006393608
34 10 25.019992006393608
10 35 44.721359549995796
35 10 44.721359549995796
10 36 38.63935817272331
36 10 38.63935817272331
10 37 63.56099432828282
37 10 63.56099432828282
10 38 45.967379738244816
38 10 45.967379738244816
10 39 16.278820596099706
