customer location distance
1 2 31.0
2 1 31.0
1 3 309.2604080706096
3 1 309.2604080706096
1 4 1210.0103305344132
4 1 1210.0103305344132
1 5 1150.7945081551268
5 1 1150.7945081551268
1 6 150.0133327407934
6 1 150.0133327407934
1 7 181.01104938649465
7 1 181.01104938649465
1 8 598.2056502575014
8 1 598.2056502575014
1 9 696.6498403071661
9 1 696.6498403071661
1 10 299.0066888883926
10 1 299.0066888883926
1 11 331.0060422409235
11 1 331.0060422409235
1 12 488.2591524999813
12 1 488.2591524999813
1 13 1275.113328296744
13 1 1275.113328296744
1 14 1227.0961657506716
14 1 1227.0961657506716
1 15 472.8858213141942
15 1 472.8858213141942
1 16 763.4664367213531
16 1 763.4664367213531
1 17 845.9934987929872
17 1 845.9934987929872
1 18 818.8491924646443
18 1 818.8491924646443
1 19 715.0174823037546
19 1 715.0174823037546
1 20 624.2387363821633
20 1 624.2387363821633
1 21 579.3668958440757
21 1 579.3668958440757
1 22 610.1450647182193
22 1 610.1450647182193
1 23 660.7056833416827
23 1 660.7056833416827
1 24 746.7402493504686
24 1 746.7402493504686
1 25 846.6906164591645
25 1 846.6906164591645
1 26 870.175269701455
26 1 870.175269701455
1 27 773.2664482570028
27 1 773.2664482570028
1 28 690.5447125277262
28 1 690.5447125277262
1 29 641.938470571752
29 1 641.938470571752
1 30 716.6603100493287
30 1 716.6603100493287
1 31 757.2502888741608
31 1 757.2502888741608
1 32 786.6409600319577
32 1 786.6409600319577
1 33 849.3680003390756
33 1 849.3680003390756
1 34 1461.4903352400247
34 1 1461.4903352400247
1 35 1428.4005040603984
35 1 1428.4005040603984
1 36 1084.2149233431535
36 1 1084.2149233431535
1 37 1146.6865308356944
37 1 1146.6865308356944
1 38 1654.6845620842662
38 1 1654.6845620842662
1 39 1631.3764127263823
39 1 1631.3764127263823
1 40 1220.3790394791283
40 1 1220.3790394791283
1 41 1356.531238121703
41 1 1356.531238121703
1 42 1408.7075636909174
42 1 1408.7075636909174
1 43 1423.8293437066116
43 1 1423.8293437066116
1 44 1366.7574766578011
44 1 1366.7574766578011
1 45 1317.4980075886263
45 1 1317.4980075886263
1 46 1481.530627425569
46 1 1481.530627425569
1 47 1426.768726879027
47 1 1426.768726879027
1 48 1379.653579707602
48 1 1379.653579707602
1 49 1357.8365144596753
49 1 1357.8365144596753
1 50 1441.8824501324648
50 1 1441.8824501324648
1 51 1487.0272357963051
51 1 1487.0272357963051
1 52 1539.6473622229214
52 1 1539.6473622229214
1 53 1598.1342246507331
53 1 1598.1342246507331
1 54 1547.5041195421743
54 1 1547.5041195421743
1 55 1504.1755216729196
55 1 1504.1755216729196
1 56 1566.5251354510722
56 1 1566.5251354510722
1 57 1608.174741749167
57 1 1608.174741749167
1 58 1656.9520210313876
58 1 1656.9520210313876
1 59 1673.166160308055
59 1 1673.166160308055
1 60 2123.0942042217534
60 1 2123.0942042217534
1 61 2114.843729451422
61 1 2114.843729451422
1 62 1932.6098933825212
62 1 1932.6098933825212
1 63 1972.076316981673
63 1 1972.076316981673
1 64 2045.9660309985597
64 1 2045.9660309985597
1 65 2382.236344278208
65 1 2382.236344278208
1 66 2379.019335776824
66 1 2379.019335776824
1 67 2130.2187681081023
67 1 2130.2187681081023
1 68 2160.2252197398307
68 1 2160.2252197398307
1 69 2228.2571664868487
69 1 2228.2571664868487
1 70 2263.6576596296536
70 1 2263.6576596296536
1 71 2182.1553565225367
71 1 2182.1553565225367
1 72 2226.4107886910715
72 1 2226.4107886910715
1 73 2253.4404806872535
73 1 2253.4404806872535
1 74 2288.505625948951
74 1 2288.505625948951
1 75 2326.2400993878514
75 1 2326.2400993878514
1 76 2291.75238627562
76 1 2291.75238627562
1 77 2265.1799045550442
77 1 2265.1799045550442
1 78 2269.111059423932
78 1 2269.111059423932
1 79 2296.001959929477
79 1 2296.001959929477
1 80 2322.2217809675285
80 1 2322.2217809675285
1 81 2356.263567600195
81 1 2356.263567600195
1 82 2300.0960849494963
82 1 2300.0960849494963
1 83 2340.580483555308
83 1 2340.580483555308
1 84 2343.741026649489
84 1 2343.741026649489
1 85 2418.042596812554
85 1 2418.042596812554
1 86 2451.303734750143
86 1 2451.303734750143
1 87 2743.765660547562
87 1 2743.765660547562
1 88 2744.84607947331
88 1 2744.84607947331
1 89 2627.1600636428684
89 1 2627.1600636428684
1 90 2658.48565916764
90 1 2658.48565916764
1 91 2693.000742666069
91 1 2693.000742666069
1 92 2724.0007342142917
92 1 2724.0007342142917
1 93 2756.265770929937
93 1 2756.265770929937
1 94 3022.583166763158
94 1 3022.583166763158
1 95 3026.7099299404294
95 1 3026.7099299404294
1 96 2843.00070348215
96 1 2843.00070348215
1 97 2874.00069589414
97 1 2874.00069589414
1 98 2927.858773916529
98 1 2927.858773916529
1 99 2956.8302284710226
99 1 2956.8302284710226
1 100 3189.3939863240475
100 1 3189.3939863240475
1 101 2992.000668449123
101 1 2992.000668449123
1 102 3024.000661375589
102 1 3024.000661375589
1 103 563.0719314616916
103 1 563.0719314616916
1 104 1141.842808796377
104 1 1141.842808796377
1 105 1742.8396369144236
105 1 1742.8396369144236
1 106 1331.0
106 1 1331.0
1 107 1331.3609578172254
107 1 1331.3609578172254
1 108 1631.9132942653541
108 1 1631.9132942653541
1 109 2538.3845256383047
109 1 2538.3845256383047
1 110 2477.0734748892696
110 1 2477.0734748892696
1 111 1337.438222872369
111 1 1337.438222872369
1 112 1341.268802291323
112 1 1341.268802291323
1 113 1901.9645107099134
113 1 1901.9645107099134
1 114 2004.1117733300207
114 1 2004.1117733300207
1 115 1362.219512413473
115 1 1362.219512413473
1 116 1369.599211448371
116 1 1369.599211448371
1 117 1675.080893569024
117 1 1675.080893569024
1 118 2570.0554468726937
118 1 2570.0554468726937
1 119 2513.4299274099526
119 1 2513.4299274099526
1 120 1491.3463715716748
120 1 1491.3463715716748
1 121 1960.229578391266
121 1 1960.229578391266
1 122 2060.788198723974
122 1 2060.788198723974
1 123 1998.5046910127583
123 1 1998.5046910127583
1 124 1847.7448416921638
124 1 1847.7448416921638
1 125 1675.7389414822346
125 1 1675.7389414822346
1 126 1515.331316907296
126 1 1515.331316907296
1 127 1527.3637418768326
127 1 1527.3637418768326
1 128 1690.4499401047049
128 1 1690.4499401047049
1 129 1860.2505207632653
129 1 1860.2505207632653
1 130 2010.0726355035033
130 1 2010.0726355035033
1 131 2020.0772262465612
131 1 2020.0772262465612
1 132 1871.0563861091948
132 1 1871.0563861091948
1 133 1702.3339860321182
133 1 1702.3339860321182
1 134 1540.3402221587282
134 1 1540.3402221587282
1 135 1637.6205299152793
135 1 1637.6205299152793
1 136 1630.6762400918215
136 1 1630.6762400918215
1 137 1631.5296503588281
137 1 1631.5296503588281
1 138 1813.5393571687382
138 1 1813.5393571687382
1 139 2667.4379093054818
139 1 2667.4379093054818
1 140 2617.6120797398535
140 1 2617.6120797398535
1 141 2105.9774452733345
141 1 2105.9774452733345
1 142 2201.3707093536063
142 1 2201.3707093536063
1 143 2777.994240454793
143 1 2777.994240454793
1 144 2733.6704263681822
144 1 2733.6704263681822
1 145 1901.9973711864063
145 1 1901.9973711864063
1 146 2258.2727913164076
146 1 2258.2727913164076
1 147 2348.5314560380066
147 1 2348.5314560380066
1 148 2313.178981402001
148 1 2313.178981402001
1 149 2184.247467664779
149 1 2184.247467664779
1 150 2023.1169022080755
150 1 2023.1169022080755
1 151 2349.136011388017
151 1 2349.136011388017
1 152 2222.2916100278107
152 1 2222.2916100278107
1 153 2064.1329899015714
153 1 2064.1329899015714
1 154 1971.4981612976462
154 1 1971.4981612976462
1 155 2106.2350296203886
155 1 2106.2350296203886
1 156 2261.4510828227085
156 1 2261.4510828227085
1 157 2386.2147849680255
157 1 2386.2147849680255
1 158 2424.3638340810153
158 1 2424.3638340810153
1 159 2301.6689596899027
159 1 2301.6689596899027
1 160 2149.3592068335156
160 1 2149.3592068335156
1 161 2193.4452352406706
161 1 2193.4452352406706
1 162 2342.890735821882
162 1 2342.890735821882
1 163 2463.5334379707533
163 1 2463.5334379707533
1 164 2210.240258433458
164 1 2210.240258433458
1 165 3080.0649343804425
165 1 3080.0649343804425
1 166 3046.986872305163
166 1 3046.986872305163
1 167 2644.7306101000154
167 1 2644.7306101000154
1 168 2724.0095447703557
168 1 2724.0095447703557
1 169 2598.7450817654276
169 1 2598.7450817654276
1 170 3264.09574001744
170 1 3264.09574001744
1 171 3235.938503741998
171 1 3235.938503741998
1 172 2581.8793542689014
172 1 2581.8793542689014
1 173 2598.5091879768293
173 1 2598.5091879768293
1 174 2867.882319761395
174 1 2867.882319761395
1 175 2941.9872535413883
175 1 2941.9872535413883
1 176 2592.7523985139806
176 1 2592.7523985139806
1 177 2716.246306946408
177 1 2716.246306946408
1 178 2825.0495570874505
178 1 2825.0495570874505
1 179 2925.8785005532955
179 1 2925.8785005532955
1 180 2955.486423585803
180 1 2955.486423585803
1 181 2855.7030657965825
181 1 2855.7030657965825
1 182 2748.113716715522
182 1 2748.113716715522
1 183 2666.3510646574655
183 1 2666.3510646574655
1 184 2773.5742283198406
184 1 2773.5742283198406
1 185 2880.212665759249
185 1 2880.212665759249
1 186 2979.175221432939
186 1 2979.175221432939
1 187 2692.769020915088
187 1 2692.769020915088
1 188 2734.7413040359047
188 1 2734.7413040359047
1 189 2767.909138682121
189 1 2767.909138682121
1 190 2794.18914893033
190 1 2794.18914893033
1 191 2928.547250771276
191 1 2928.547250771276
1 192 3536.5973760098846
192 1 3536.5973760098846
1 193 3513.6512348268147
193 1 3513.6512348268147
1 194 3187.7247371754042
194 1 3187.7247371754042
1 195 3255.562777769767
195 1 3255.562777769767
1 196 3003.080085512206
196 1 3003.080085512206
1 197 3030.910259311549
197 1 3030.910259311549
1 198 3188.181299738144
198 1 3188.181299738144
1 199 3757.030742488009
199 1 3757.030742488009
1 200 3737.985821267919
200 1 3737.985821267919
1 201 3138.2941226086505
201 1 3138.2941226086505
1 202 3166.4044277381877
202 1 3166.4044277381877
1 203 3439.763945389276
203 1 3439.763945389276
1 204 3503.425181162001
204 1 3503.425181162001
1 205 3892.493416821665
205 1 3892.493416821665
1 206 3273.8822520060185
206 1 3273.8822520060185
1 207 3303.1525850314574
207 1 3303.1525850314574
1 208 1576.467253069343
208 1 1576.467253069343
1 209 1967.5629596025638
209 1 1967.5629596025638
1 210 2367.485797211886
210 1 2367.485797211886
1 211 2662.0
211 1 2662.0
1 212 2662.1804972615964
212 1 2662.1804972615964
1 213 2962.0536794595737
213 1 2962.0536794595737
1 214 3868.564203939234
214 1 3868.564203939234
1 215 3806.649445378442
215 1 3806.649445378442
1 216 2664.2259663924906
216 1 2664.2259663924906
1 217 2666.1509709691986
217 1 2666.1509709691986
1 218 3228.035006005976
218 1 3228.035006005976
1 219 3330.2746133014316
219 1 3330.2746133014316
1 220 2676.7519496583914
220 1 2676.7519496583914
1 221 2680.5150624460216
221 1 2680.5150624460216
1 222 2986.053750353466
222 1 2986.053750353466
1 223 3889.4187226370987
223 1 3889.4187226370987
1 224 3830.406897445753
224 1 3830.406897445753
1 225 2787.0645848275567
225 1 2787.0645848275567
1 226 3262.7045529744187
226 1 3262.7045529744187
1 227 3364.6861666431832
227 1 3364.6861666431832
1 228 3295.550029964649
228 1 3295.550029964649
1 229 3140.0945845627007
229 1 3140.0945845627007
1 230 2961.359485101395
230 1 2961.359485101395
1 231 2792.832612241557
231 1 2792.832612241557
1 232 2799.3793955089404
232 1 2799.3793955089404
1 233 2970.156898212618
233 1 2970.156898212618
1 234 3147.4696185984067
234 1 3147.4696185984067
1 235 3302.577932464274
235 1 3302.577932464274
1 236 3308.6766236669305
236 1 3308.6766236669305
1 237 3153.8682597724337
237 1 3153.8682597724337
1 238 2976.936680549319
238 1 2976.936680549319
1 239 2806.480536187629
239 1 2806.480536187629
1 240 2897.0885385158667
240 1 2897.0885385158667
1 241 2878.8720013227403
241 1 2878.8720013227403
1 242 2871.9498602865615
242 1 2871.9498602865615
1 243 3065.8679032208806
243 1 3065.8679032208806
1 244 3954.4428178948297
244 1 3954.4428178948297
1 245 3899.561513811521
245 1 3899.561513811521
1 246 3352.2950347485826
246 1 3352.2950347485826
1 247 3452.578456747942
247 1 3452.578456747942
1 248 4029.844289795823
248 1 4029.844289795823
1 249 3978.396787652031
249 1 3978.396787652031
1 250 3047.7836209284937
250 1 3047.7836209284937
1 251 3450.005362314673
251 1 3450.005362314673
1 252 3548.2199762697915
252 1 3548.2199762697915
1 253 3495.3434738234237
253 1 3495.3434738234237
1 254 3349.1745251628795
254 1 3349.1745251628795
1 255 3161.222073818921
255 1 3161.222073818921
1 256 3519.2426742127345
256 1 3519.2426742127345
1 257 3374.109215778292
257 1 3374.109215778292
1 258 3187.6273307900974
258 1 3187.6273307900974
1 259 3077.8258560223967
259 1 3077.8258560223967
1 260 3215.050388407622
260 1 3215.050388407622
1 261 3400.0285292920703
261 1 3400.0285292920703
1 262 3544.1007322027403
262 1 3544.1007322027403
1 263 3569.897617579529
263 1 3569.897617579529
1 264 3426.910124295646
264 1 3426.910124295646
1 265 3243.465430677503
265 1 3243.465430677503
1 266 3272.8466202986046
266 1 3272.8466202986046
1 267 3454.7315380503883
267 1 3454.7315380503883
1 268 3596.6131290423773
268 1 3596.6131290423773
1 269 3242.523862672409
269 1 3242.523862672409
1 270 4243.723954264698
270 1 4243.723954264698
1 271 4199.859045253781
271 1 4199.859045253781
1 272 3714.4772175906533
272 1 3714.4772175906533
1 273 3807.1633797356267
273 1 3807.1633797356267
1 274 3586.655405806362
274 1 3586.655405806362
1 275 4379.122514842443
275 1 4379.122514842443
1 276 4338.892139705711
276 1 4338.892139705711
1 277 3512.476619139265
277 1 3512.476619139265
1 278 3518.6714822500835
278 1 3518.6714822500835
1 279 3876.5306654275287
279 1 3876.5306654275287
1 280 3966.050176182848
280 1 3966.050176182848
1 281 3496.576897481307
281 1 3496.576897481307
1 282 3652.6983176824224
282 1 3652.6983176824224
1 283 3798.2809269457675
283 1 3798.2809269457675
1 284 3927.772142067307
284 1 3927.772142067307
1 285 3949.8770866952304
285 1 3949.8770866952304
1 286 3821.1350407961245
286 1 3821.1350407961245
1 287 3676.457534094471
287 1 3676.457534094471
1 288 3551.4944741615463
288 1 3551.4944741615463
1 289 3695.527702507451
289 1 3695.527702507451
1 290 3839.4866844410335
290 1 3839.4866844410335
1 291 3967.6332995880553
291 1 3967.6332995880553
1 292 3571.3708852484083
292 1 3571.3708852484083
1 293 3608.6597234984624
293 1 3608.6597234984624
1 294 3656.8623162487265
294 1 3656.8623162487265
1 295 3648.4487114388767
295 1 3648.4487114388767
1 296 3832.3635005046167
296 1 3832.3635005046167
1 297 4585.838418435608
297 1 4585.838418435608
1 298 4549.77274157732
298 1 4549.77274157732
1 299 4118.777731317872
299 1 4118.777731317872
1 300 4203.921264724162
300 1 4203.921264724162
1 301 3785.2145249642062
301 1 3785.2145249642062
1 302 3807.3318741606963
302 1 3807.3318741606963
1 303 4034.2435474324056
303 1 4034.2435474324056
1 304 4757.906367300643
304 1 4757.906367300643
1 305 4725.1693091359175
305 1 4725.1693091359175
1 306 3893.3596032218757
306 1 3893.3596032218757
1 307 3916.0536257819554
307 1 3916.0536257819554
1 308 4316.794760004233
308 1 4316.794760004233
1 309 4398.664911083816
309 1 4398.664911083816
1 310 4865.583007204789
310 1 4865.583007204789
1 311 4003.4565065702914
311 1 4003.4565065702914
1 312 4027.4279633532865
312 1 4027.4279633532865
1 313 2862.965246034258
313 1 2862.965246034258
1 314 3159.4184591471894
314 1 3159.4184591471894
1 315 3422.807327326503
315 1 3422.807327326503
1 316 1362.2833772750807
316 1 1362.2833772750807
1 317 1440.8292751051388
317 1 1440.8292751051388
1 318 4304.550615337215
318 1 4304.550615337215
2 3 302.82833420933383
3 2 302.82833420933383
2 4 1207.5868498787158
4 2 1207.5868498787158
2 5 1147.3818021914065
5 2 1147.3818021914065
2 6 119.01680553602503
6 2 119.01680553602503
2 7 150.0133327407934
7 2 150.0133327407934
2 8 587.8817908389407
8 2 587.8817908389407
2 9 687.4896362855225
9 2 687.4896362855225
2 10 268.00746258266764
10 2 268.00746258266764
2 11 300.00666659259423
11 2 300.00666659259423
2 12 464.1400650665702
12 2 464.1400650665702
2 13 1265.3145853897363
13 2 1265.3145853897363
2 14 1216.0953909952952
14 2 1216.0953909952952
2 15 442.43869631848435
15 2 442.43869631848435
2 16 742.6991315465502
16 2 742.6991315465502
2 17 827.0006045947003
17 2 827.0006045947003
2 18 797.3863555391451
18 2 797.3863555391451
2 19 690.3339771443964
19 2 690.3339771443964
2 20 595.8061765373031
20 2 595.8061765373031
2 21 548.6137074481461
21 2 548.6137074481461
2 22 579.3668958440757
22 2 579.3668958440757
2 23 632.0007911387453
23 2 632.0007911387453
2 24 721.466561941716
24 2 721.466561941716
2 25 824.4865068635144
25 2 824.4865068635144
2 26 847.4160725405201
26 2 847.4160725405201
2 27 747.5627063999381
27 2 747.5627063999381
2 28 661.6350958043263
28 2 661.6350958043263
2 29 611.1382822242442
29 2 611.1382822242442
2 30 686.3679771084895
30 2 686.3679771084895
2 31 726.6450302589291
31 2 726.6450302589291
2 32 755.913354823157
32 2 755.913354823157
2 33 820.4248899198512
33 2 820.4248899198512
2 34 1444.1748509096813
34 2 1444.1748509096813
2 35 1409.9975177283115
35 2 1409.9975177283115
2 36 1057.7736052672142
36 2 1057.7736052672142
2 37 1121.49765938231
37 2 1121.49765938231
2 38 1633.5954211493126
38 2 1633.5954211493126
2 39 1609.3849756972381
39 2 1609.3849756972381
2 40 1189.5713513698959
40 2 1189.5713513698959
2 41 1328.3470931951483
41 2 1328.3470931951483
2 42 1381.4087012900998
42 2 1381.4087012900998
2 43 1395.6048867784893
43 2 1395.6048867784893
2 44 1337.329054496312
44 2 1337.329054496312
2 45 1286.943666210763
45 2 1286.943666210763
2 46 1453.0829294985197
46 2 1453.0829294985197
2 47 1397.2064986965956
47 2 1397.2064986965956
2 48 1349.0593018840943
48 2 1349.0593018840943
2 49 1326.9261471536388
49 2 1326.9261471536388
2 50 1411.2533436630008
50 2 1411.2533436630008
2 51 1457.3472475700498
51 2 1457.3472475700498
2 52 1511.0013236261575
52 2 1511.0013236261575
2 53 1569.311313920855
53 2 1569.311313920855
2 54 1517.7200005271065
54 2 1517.7200005271065
2 55 1473.5158635046994
55 2 1473.5158635046994
2 56 1535.8385331798393
56 2 1535.8385331798393
2 57 1578.2981340671984
57 2 1578.2981340671984
2 58 1627.9708228343652
58 2 1627.9708228343652
2 59 1642.2448051371634
59 2 1642.2448051371634
2 60 2097.6448698480876
60 2 2097.6448698480876
2 61 2088.8190443406056
61 2 2088.8190443406056
2 62 1902.956121406902
62 2 1902.956121406902
2 63 1942.8973210131307
63 2 1942.8973210131307
2 64 2015.3039472992652
64 2 2015.3039472992652
2 65 2355.5468579503995
65 2 2355.5468579503995
2 66 2351.8715951343943
66 2 2351.8715951343943
2 67 2099.281067413318
67 2 2099.281067413318
2 68 2129.2721761202815
68 2 2129.2721761202815
2 69 2198.2622682473534
69 2 2198.2622682473534
2 70 2234.0270813040743
70 2 2234.0270813040743
2 71 2151.1720061399087
71 2 2151.1720061399087
2 72 2195.6001457460325
72 2 2195.6001457460325
2 73 2223.0044984209994
73 2 2223.0044984209994
2 74 2258.542228960973
74 2 2258.542228960973
2 75 2296.242583003808
75 2 2296.242583003808
2 76 2261.2974152021666
76 2 2261.2974152021666
2 77 2234.3627726938166
77 2 2234.3627726938166
2 78 2238.126448617236
78 2 2238.126448617236
2 79 2265.1799045550442
79 2 2265.1799045550442
2 80 2291.75238627562
80 2 2291.75238627562
2 81 2326.2400993878514
81 2 2326.2400993878514
2 82 2269.111059423932
82 2 2269.111059423932
2 83 2309.601697262972
83 2 2309.601697262972
2 84 2312.804574537157
84 2 2312.804574537157
2 85 2387.0561367508726
85 2 2387.0561367508726
2 86 2420.538163301707
86 2 2420.538163301707
2 87 2715.9493736076893
87 2 2715.9493736076893
2 88 2716.6871369371925
88 2 2716.6871369371925
2 89 2596.878318289095
89 2 2596.878318289095
2 90 2628.4704677815957
90 2 2628.4704677815957
2 91 2662.0007513146948
91 2 2662.0007513146948
2 92 2693.000742666069
92 2 2693.000742666069
2 93 2725.450788401801
93 2 2725.450788401801
2 94 2994.1786853826875
94 2 2994.1786853826875
2 95 2998.0240159144823
95 2 2998.0240159144823
2 96 2812.0007112374633
96 2 2812.0007112374633
2 97 2843.00070348215
97 2 2843.00070348215
2 98 2897.4350726116368
98 2 2897.4350726116368
2 99 2926.622968542412
99 2 2926.622968542412
2 100 3160.7133688457106
100 2 3160.7133688457106
2 101 2961.000675447407
101 2 2961.000675447407
2 102 2993.000668225786
102 2 2993.000668225786
2 103 533.2400960167943
103 2 533.2400960167943
2 104 1111.9541357448156
104 2 1111.9541357448156
2 105 1712.3075074296673
105 2 1712.3075074296673
2 106 1331.3609578172254
106 2 1331.3609578172254
2 107 1331.0
107 2 1331.0
2 108 1630.7065953138228
108 2 1630.7065953138228
2 109 2537.230182699236
109 2 2537.230182699236
2 110 2475.4898505144392
110 2 2475.4898505144392
2 111 1334.31705377695
111 2 1334.31705377695
2 112 1337.438222872369
112 2 1337.438222872369
2 113 1898.7427419216117
113 2 1898.7427419216117
2 114 2000.9460262585794
114 2 2000.9460262585794
2 115 1355.7525585445155
115 2 1355.7525585445155
2 116 1362.4393564485724
116 2 1362.4393564485724
2 117 1668.2101186601164
117 2 1668.2101186601164
2 118 2565.207983770517
118 2 2565.207983770517
2 119 2508.0775506351474
119 2 2508.0775506351474
2 120 1481.9733465889324
120 2 1481.9733465889324
2 121 1952.2348731645995
121 2 1952.2348731645995
2 122 2053.064295145186
122 2 2053.064295145186
2 123 1989.8070258193382
123 2 1989.8070258193382
2 124 1838.3340284072424
124 2 1838.3340284072424
2 125 1665.356418308105
125 2 1665.356418308105
2 126 1503.8417469933463
126 2 1503.8417469933463
2 127 1515.331316907296
127 2 1515.331316907296
2 128 1679.4385966744958
128 2 1679.4385966744958
2 129 1850.2499831103903
129 2 1850.2499831103903
2 130 2000.8210814563106
130 2 2000.8210814563106
2 131 2010.3783226049768
131 2 2010.3783226049768
2 132 1860.5808232914796
132 2 1860.5808232914796
2 133 1690.8134137154223
133 2 1690.8134137154223
2 134 1527.7607797034193
134 2 1527.7607797034193
2 135 1624.5922565370056
135 2 1624.5922565370056
2 136 1616.6910651079877
136 2 1616.6910651079877
2 137 1616.9384651247553
137 2 1616.9384651247553
2 138 1800.165547942744
138 2 1800.165547942744
2 139 2657.9902181911807
139 2 2657.9902181911807
2 140 2607.6153857499767
140 2 2607.6153857499767
2 141 2092.4875148970423
141 2 2092.4875148970423
2 142 2188.355546980426
142 2 2188.355546980426
2 143 2765.4845868310313
143 2 2765.4845868310313
2 144 2720.6037932782497
144 2 2720.6037932782497
2 145 1882.3785485390551
145 2 1882.3785485390551
2 146 2241.4560000142765
146 2 2241.4560000142765
2 147 2332.2592051485185
147 2 2332.2592051485185
2 148 2295.913761446627
148 2 2295.913761446627
2 149 2165.9547548367673
149 2 2165.9547548367673
2 150 2003.3534386123683
150 2 2003.3534386123683
2 151 2331.2994230686027
151 2 2331.2994230686027
2 152 2203.428464915528
152 2 2203.428464915528
2 153 2043.8106565922392
153 2 2043.8106565922392
2 154 1950.3379194385777
154 2 1950.3379194385777
2 155 2085.3865349138514
155 2 2085.3865349138514
2 156 2242.0463866744594
156 2 2242.0463866744594
2 157 2367.832764364916
157 2 2367.832764364916
2 158 2405.4614941836007
158 2 2405.4614941836007
2 159 2281.7504245644395
159 2 2281.7504245644395
2 160 2128.015507462293
160 2 2128.015507462293
2 161 2171.6355587436856
161 2 2171.6355587436856
2 162 2322.4848761617372
162 2 2322.4848761617372
2 163 2444.1350208202493
163 2 2444.1350208202493
2 164 2186.9259246714323
164 2 2186.9259246714323
2 165 3062.578162267863
165 2 3062.578162267863
2 166 3028.981677065743
166 2 3028.981677065743
2 167 2623.1395311725223
167 2 2623.1395311725223
2 168 2702.9600440998015
168 2 2702.9600440998015
2 169 2574.674542539309
169 2 2574.674542539309
2 170 3244.668241900857
170 2 3244.668241900857
2 171 3216.032493616941
171 2 3216.032493616941
2 172 2556.4135033284424
172 2 2556.4135033284424
2 173 2572.834429185057
173 2 2572.834429185057
2 174 2844.6398717588136
174 2 2844.6398717588136
2 175 2919.2499036567597
175 2 2919.2499036567597
2 176 2566.7302156635005
176 2 2566.7302156635005
2 177 2691.0497951543
177 2 2691.0497951543
2 178 2800.8320192399974
178 2 2800.8320192399974
2 179 2902.502368646751
179 2 2902.502368646751
2 180 2931.934003350007
180 2 2931.934003350007
2 181 2831.3207165561444
181 2 2831.3207165561444
2 182 2722.7680767924394
182 2 2722.7680767924394
2 183 2640.032764948193
183 2 2640.032764948193
2 184 2748.113716715522
184 2 2748.113716715522
2 185 2855.7030657965825
185 2 2855.7030657965825
2 186 2955.486423585803
186 2 2955.486423585803
2 187 2666.3510646574655
187 2 2666.3510646574655
2 188 2708.274912190415
188 2 2708.274912190415
2 189 2741.762936506364
189 2 2741.762936506364
2 190 2767.417568781408
190 2 2767.417568781408
2 191 2902.8441225804736
191 2 2902.8441225804736
2 192 3515.0607391622693
192 2 3515.0607391622693
2 193 3491.6978678001337
193 2 3491.6978678001337
2 194 3162.814569335357
194 2 3162.814569335357
2 195 3231.0988842807024
195 2 3231.0988842807024
2 196 2975.3125886198914
196 2 2975.3125886198914
2 197 3003.080085512206
197 2 3003.080085512206
2 198 3161.578877712843
198 2 3161.578877712843
2 199 3734.2170531451434
199 2 3734.2170531451434
2 200 3714.796495099025
200 2 3714.796495099025
2 201 3110.238736817481
201 2 3110.238736817481
2 202 3138.2941226086505
202 2 3138.2941226086505
2 203 3413.9052418015353
203 2 3413.9052418015353
2 204 3477.9685162462297
204 2 3477.9685162462297
2 205 3869.0283017832785
205 2 3869.0283017832785
2 206 3245.5757578586886
206 2 3245.5757578586886
2 207 3274.796176863531
207 2 3274.796176863531
2 208 1566.060024392424
208 2 1566.060024392424
2 209 1950.3694521807913
209 2 1950.3694521807913
2 210 2345.1004242889044
210 2 2345.1004242889044
2 211 2662.1804972615964
211 2 2662.1804972615964
2 212 2662.0
212 2 2662.0
2 213 2961.389032194183
213 2 2961.389032194183
2 214 3867.8068721175828
214 2 3867.8068721175828
2 215 3805.6191349109017
215 2 3805.6191349109017
2 216 2662.6605115936204
216 2 2662.6605115936204
2 217 2664.2259663924906
217 2 2664.2259663924906
2 218 3226.1377837903947
218 2 3226.1377837903947
2 219 3328.3704721680247
219 2 3328.3704721680247
2 220 2673.466663341812
220 2 2673.466663341812
2 221 2676.86383665662
221 2 2676.86383665662
2 222 2982.2048890041074
222 2 2982.2048890041074
2 223 3886.2173125032523
223 2 3886.2173125032523
2 224 3826.8969152565373
224 2 3826.8969152565373
2 225 2782.060387554519
225 2 2782.060387554519
2 226 3257.9076107219494
226 2 3257.9076107219494
2 227 3359.961011678558
227 2 3359.961011678558
2 228 3290.282814592083
228 2 3290.282814592083
2 229 3134.5661581788318
229 2 3134.5661581788318
2 230 2955.496743358043
230 2 2955.496743358043
2 231 2786.615330468129
231 2 2786.615330468129
2 232 2792.832612241557
232 2 2792.832612241557
2 233 2963.903675897717
233 2 2963.903675897717
2 234 3141.56935304634
234 2 3141.56935304634
2 235 3296.95526205619
235 2 3296.95526205619
2 236 3302.763993990488
236 2 3302.763993990488
2 237 3147.664848741047
237 2 3147.664848741047
2 238 2970.3637824347375
238 2 2970.3637824347375
2 239 2799.5960422889584
239 2 2799.5960422889584
2 240 2889.7441063180663
240 2 2889.7441063180663
2 241 2870.973528265282
241 2 2870.973528265282
2 242 2863.685911548262
242 2 2863.685911548262
2 243 3057.975964588342
243 2 3057.975964588342
2 244 3948.0761137546474
244 2 3948.0761137546474
2 245 3892.85820445595
245 2 3892.85820445595
2 246 3343.8368680304966
246 2 3343.8368680304966
2 247 3444.2945576706998
247 2 3444.2945576706998
2 248 4021.2309060783864
248 2 4021.2309060783864
2 249 3969.4296819568426
249 2 3969.4296819568426
2 250 3035.579022196589
250 2 3035.579022196589
2 251 3439.021081645182
251 2 3439.021081645182
2 252 3537.4705652485645
252 2 3537.4705652485645
2 253 3483.9415896366577
253 2 3483.9415896366577
2 254 3337.2732881800375
254 2 3337.2732881800375
2 255 3148.6104871831953
255 2 3148.6104871831953
2 256 3507.3616865102463
256 2 3507.3616865102463
2 257 3361.715335955738
257 2 3361.715335955738
2 258 3174.505473298164
258 2 3174.505473298164
2 259 3064.31476842703
259 2 3064.31476842703
2 260 3201.4309300686155
260 2 3201.4309300686155
2 261 3387.1529342502386
261 2 3387.1529342502386
2 262 3531.7504158702945
262 2 3531.7504158702945
2 263 3557.0878538489883
263 2 3557.0878538489883
2 264 3413.563826853103
264 2 3413.563826853103
2 265 3229.3610823195354
265 2 3229.3610823195354
2 266 3258.2700931629347
266 2 3258.2700931629347
2 267 3440.9256022181007
267 2 3440.9256022181007
2 268 3583.353875910109
268 2 3583.353875910109
2 269 3226.676928358338
269 2 3226.676928358338
2 270 4231.049278843252
270 2 4231.049278843252
2 271 4186.814660335468
271 2 4186.814660335468
2 272 3699.135304365062
272 2 3699.135304365062
2 273 3792.131063135872
273 2 3792.131063135872
2 274 3569.2534233365946
274 2 3569.2534233365946
2 275 4364.660926120149
275 2 4364.660926120149
2 276 4324.066604482406
276 2 4324.066604482406
2 277 3493.800366363253
277 2 3493.800366363253
2 278 3499.7537056198685
278 2 3499.7537056198685
2 279 3859.367435215258
279 2 3859.367435215258
2 280 3949.21321278049
280 2 3949.21321278049
2 281 3477.3249776228854
281 2 3477.3249776228854
2 282 3634.000550357691
282 2 3634.000550357691
2 283 3780.303294710624
283 2 3780.303294710624
2 284 3910.3898782602228
284 2 3910.3898782602228
2 285 3932.28508630796
285 2 3932.28508630796
2 286 3802.9475410528607
286 2 3802.9475410528607
2 287 3657.5506831758325
287 2 3657.5506831758325
2 288 3531.7783056131934
288 2 3531.7783056131934
2 289 3676.457534094471
289 2 3676.457534094471
2 290 3821.1350407961245
290 2 3821.1350407961245
2 291 3949.8770866952304
291 2 3949.8770866952304
2 292 3551.4944741615463
292 2 3551.4944741615463
2 293 3588.644312271697
293 2 3588.644312271697
2 294 3637.112178638432
294 2 3637.112178638432
2 295 3627.986356093418
295 2 3627.986356093418
2 296 3812.758187978881
296 2 3812.758187978881
2 297 4569.2499384472285
297 2 4569.2499384472285
2 298 4532.840279559826
298 2 4532.840279559826
2 299 4099.528875370925
299 2 4099.528875370925
2 300 4185.004778969792
300 2 4185.004778969792
2 301 3763.222555204515
301 2 3763.222555204515
2 302 3785.2145249642062
302 2 3785.2145249642062
2 303 4013.2532937755127
303 2 4013.2532937755127
2 304 4739.912446448774
304 2 4739.912446448774
2 305 4706.846077789245
305 2 4706.846077789245
2 306 3870.7807997870405
306 2 3870.7807997870405
2 307 3893.3596032218757
307 2 3893.3596032218757
2 308 4296.218104333158
308 2 4296.218104333158
2 309 4378.416380382295
309 2 4378.416380382295
2 310 4846.8312328778275
310 2 4846.8312328778275
2 311 3980.341819492391
311 2 3980.341819492391
2 312 4004.2039158864027
312 2 4004.2039158864027
2 313 2857.2478016440928
313 2 2857.2478016440928
2 314 3148.7397478991497
314 2 3148.7397478991497
2 315 3407.362176229583
315 2 3407.362176229583
2 316 1331.4762483799702
316 2 1331.4762483799702
2 317 1410.001418439003
317 2 1410.001418439003
2 318 4292.907755822386
318 2 4292.907755822386
3 4 906.5301980629217
4 3 906.5301980629217
3 5 845.3508147508938
5 3 845.3508147508938
3 6 309.2604080706096
6 3 309.2604080706096
3 7 317.81283800375337
7 3 317.81283800375337
3 8 292.4995726492605
8 3 292.4995726492605
3 9 388.4906691286163
9 3 388.4906691286163
3 10 372.8283787481849
10 3 372.8283787481849
3 11 392.56209699867867
11 3 392.56209699867867
3 12 307.0
12 3 307.0
3 13 966.9953464210673
13 3 966.9953464210673
3 14 920.6242447383188
14 3 920.6242447383188
3 15 440.8684611082993
15 3 440.8684611082993
3 16 511.93847286563647
16 3 511.93847286563647
3 17 576.7538469745997
17 3 576.7538469745997
3 18 571.5522723251129
18 3 571.5522723251129
3 19 511.75384707884706
19 3 511.75384707884706
3 20 499.1512796738079
20 3 499.1512796738079
3 21 545.8937625582472
21 3 545.8937625582472
3 22 574.2064088809876
22 3 574.2064088809876
3 23 537.8196723809942
23 3 537.8196723809942
3 24 549.6371530382567
24 3 549.6371530382567
3 25 605.707024889096
25 3 605.707024889096
3 26 634.1490361105975
26 3 634.1490361105975
3 27 580.8313008094519
27 3 580.8313008094519
3 28 569.6613028809312
28 3 569.6613028809312
3 29 603.7093671627101
29 3 603.7093671627101
3 30 639.8312277468176
30 3 639.8312277468176
3 31 693.0526675513197
31 3 693.0526675513197
3 32 728.1552032362331
32 3 728.1552032362331
3 33 716.0
33 3 716.0
3 34 1174.8787171448805
34 3 1174.8787171448805
3 35 1147.819672248215
35 3 1147.819672248215
3 36 888.8756943465155
36 3 888.8756943465155
3 37 931.2400335037149
37 3 931.2400335037149
3 38 1390.633308963941
38 3 1390.633308963941
3 39 1374.7890747311021
39 3 1374.7890747311021
3 40 1145.9410979627182
40 3 1145.9410979627182
3 41 1185.853700926046
41 3 1185.853700926046
3 42 1219.9463102940226
42 3 1219.9463102940226
3 43 1252.6196549631495
43 3 1252.6196549631495
3 44 1226.48929877109
44 3 1226.48929877109
3 45 1222.5551112322094
45 3 1222.5551112322094
3 46 1314.0566958849226
46 3 1314.0566958849226
3 47 1289.1722150279224
47 3 1289.1722150279224
3 48 1285.4298891810474
48 3 1285.4298891810474
3 49 1290.1294508691753
49 3 1290.1294508691753
3 50 1348.3163575363164
50 3 1348.3163575363164
3 51 1351.884610460523
51 3 1351.884610460523
3 52 1375.6351260417857
52 3 1375.6351260417857
3 53 1437.3367733415853
53 3 1437.3367733415853
3 54 1414.622564502631
54 3 1414.622564502631
3 55 1411.2129534552892
55 3 1411.2129534552892
3 56 1474.1183805922778
56 3 1474.1183805922778
3 57 1477.382821072453
57 3 1477.382821072453
3 58 1499.1464238025583
58 3 1499.1464238025583
3 59 1600.269039880482
59 3 1600.269039880482
3 60 1899.0516054072887
60 3 1899.0516054072887
3 61 1898.4335648107362
61 3 1898.4335648107362
3 62 1789.9835194772045
62 3 1789.9835194772045
3 63 1815.4572426802015
63 3 1815.4572426802015
3 64 1945.0
64 3 1945.0
3 65 2173.801278866125
65 3 2173.801278866125
3 66 2177.7770776642865
66 3 2177.7770776642865
3 67 2053.6392088193097
67 3 2053.6392088193097
3 68 2085.8679248696453
68 3 2085.8679248696453
3 69 2094.2024734967727
69 3 2094.2024734967727
3 70 2117.17736621191
70 3 2117.17736621191
3 71 2114.3292080468455
71 3 2114.3292080468455
3 72 2134.708645225385
72 3 2134.708645225385
3 73 2137.7165387394093
73 3 2137.7165387394093
3 74 2152.814901472024
74 3 2152.814901472024
3 75 2191.4800934528243
75 3 2191.4800934528243
3 76 2176.649948889348
76 3 2176.649948889348
3 77 2173.6959308974197
77 3 2173.6959308974197
3 78 2200.841884370615
78 3 2200.841884370615
3 79 2204.6861454637938
79 3 2204.6861454637938
3 80 2207.598695415451
80 3 2207.598695415451
3 81 2222.2223111111093
81 3 2222.2223111111093
3 82 2231.677396040924
82 3 2231.677396040924
3 83 2270.0151981870076
83 3 2270.0151981870076
3 84 2264.9724060129297
84 3 2264.9724060129297
3 85 2349.090887981987
85 3 2349.090887981987
3 86 2354.0
86 3 2354.0
3 87 2552.2209935661917
87 3 2552.2209935661917
3 88 2559.7925697212263
88 3 2559.7925697212263
3 89 2501.548320540701
89 3 2501.548320540701
3 90 2522.114192498032
90 3 2522.114192498032
3 91 2631.2728858862206
91 3 2631.2728858862206
3 92 2662.071749596543
92 3 2662.071749596543
3 93 2661.0
93 3 2661.0
3 94 2841.3174761015357
94 3 2841.3174761015357
3 95 2851.4601522728667
95 3 2851.4601522728667
3 96 2780.34116611613
96 3 2780.34116611613
3 97 2811.1609701331586
97 3 2811.1609701331586
3 98 2807.066974619594
98 3 2807.066974619594
3 99 2826.2790025048835
99 3 2826.2790025048835
3 100 3013.421975097414
100 3 3013.421975097414
3 101 2928.5098599799867
101 3 2928.5098599799867
3 102 2960.342209948032
102 3 2960.342209948032
3 103 487.64331226830126
103 3 487.64331226830126
3 104 1023.0
104 3 1023.0
3 105 1638.0
105 3 1638.0
3 106 1035.0193234911123
106 3 1035.0193234911123
3 107 1033.1156760014824
107 3 1033.1156760014824
3 108 1331.0
108 3 1331.0
3 109 2237.2147862912047
109 3 2237.2147862912047
3 110 2174.912641923808
110 3 2174.912641923808
3 111 1032.4441873534859
111 3 1032.4441873534859
3 112 1035.0381635476056
112 3 1035.0381635476056
3 113 1596.6330198264095
113 3 1596.6330198264095
3 114 1698.8613833977156
114 3 1698.8613833977156
3 115 1053.2331175955303
115 3 1053.2331175955303
3 116 1060.3791774643635
116 3 1060.3791774643635
3 117 1365.9465582518226
117 3 1365.9465582518226
3 118 2262.39099184911
118 3 2262.39099184911
3 119 2205.260982287584
119 3 2205.260982287584
3 120 1182.7594852716252
120 3 1182.7594852716252
3 121 1650.9881889341304
121 3 1650.9881889341304
3 122 1751.5279044308716
122 3 1751.5279044308716
3 123 1689.4499104738204
123 3 1689.4499104738204
3 124 1539.1117568259947
124 3 1539.1117568259947
3 125 1368.0793105664598
125 3 1368.0793105664598
3 126 1209.390342279944
126 3 1209.390342279944
3 127 1222.4311841572105
127 3 1222.4311841572105
3 128 1383.6188058854939
128 3 1383.6188058854939
3 129 1552.1191964536745
129 3 1552.1191964536745
3 130 1701.3083200878082
130 3 1701.3083200878082
3 131 1711.6407333316183
131 3 1711.6407333316183
3 132 1563.4378785228405
132 3 1563.4378785228405
3 133 1396.3040499833837
133 3 1396.3040499833837
3 134 1236.563787275044
134 3 1236.563787275044
3 135 1334.782753859219
135 3 1334.782753859219
3 136 1330.436394571345
136 3 1330.436394571345
3 137 1333.1755323287327
137 3 1333.1755323287327
3 138 1511.3626302115586
138 3 1511.3626302115586
3 139 2358.7439454082337
139 3 2358.7439454082337
3 140 2309.3542387429434
140 3 2309.3542387429434
3 141 1803.8239936313078
141 3 1803.8239936313078
3 142 1898.0023709152736
142 3 1898.0023709152736
3 143 2473.296181212432
143 3 2473.296181212432
3 144 2430.1588425450714
144 3 2430.1588425450714
3 145 1626.5029972305615
145 3 1626.5029972305615
3 146 1967.2137657102749
146 3 1967.2137657102749
3 147 2055.109242838443
147 3 2055.109242838443
3 148 2024.0121047068865
148 3 2024.0121047068865
3 149 1900.328655785625
149 3 1900.328655785625
3 150 1748.1144127316152
150 3 1748.1144127316152
3 151 2062.598846116229
151 3 2062.598846116229
3 152 1941.3752857188638
152 3 1941.3752857188638
3 153 1792.6497148076642
153 3 1792.6497148076642
3 154 1706.3355473059805
154 3 1706.3355473059805
3 155 1838.2654868108687
155 3 1838.2654868108687
3 156 1983.5737949468883
156 3 1983.5737949468883
3 157 2102.3655723969605
157 3 2102.3655723969605
3 158 2143.246602703478
158 3 2143.246602703478
3 159 2026.8522393109963
159 3 2026.8522393109963
3 160 1884.8832855113337
160 3 1884.8832855113337
3 161 1932.4305938377192
161 3 1932.4305938377192
3 162 2071.142921191099
162 3 2071.142921191099
3 163 2185.179397669674
163 3 2185.179397669674
3 164 1962.2945752358385
164 3 1962.2945752358385
3 165 2791.0087782018886
165 3 2791.0087782018886
3 166 2760.376242471305
166 3 2760.376242471305
3 167 2380.6977968654483
167 3 2380.6977968654483
3 168 2455.8277626902095
168 3 2455.8277626902095
3 169 2356.8169211884065
169 3 2356.8169211884065
3 170 2984.752083507104
170 3 2984.752083507104
3 171 2959.4492730911948
171 3 2959.4492730911948
3 172 2355.7939213776745
172 3 2355.7939213776745
3 173 2374.9913684053677
173 3 2374.9913684053677
3 174 2617.129152334672
174 3 2617.129152334672
3 175 2686.567512645085
175 3 2686.567512645085
3 176 2373.818232300022
176 3 2373.818232300022
3 177 2486.3893500415415
177 3 2486.3893500415415
3 178 2583.9514314321004
178 3 2583.9514314321004
3 179 2676.225140005975
179 3 2676.225140005975
3 180 2707.4257145857205
180 3 2707.4257145857205
3 181 2616.2526636393513
181 3 2616.2526636393513
3 182 2519.9414675741973
182 3 2519.9414675741973
3 183 2451.1895071576982
183 3 2451.1895071576982
3 184 2546.7218144116173
184 3 2546.7218144116173
3 185 2642.0569638067986
185 3 2642.0569638067986
3 186 2732.369118548956
186 3 2732.369118548956
3 187 2478.912866560662
187 3 2478.912866560662
3 188 2521.4130958650944
188 3 2521.4130958650944
3 189 2549.972744952385
189 3 2549.972744952385
3 190 2585.121467165518
190 3 2585.121467165518
3 191 2704.2331630242243
191 3 2704.2331630242243
3 192 3270.6520756570853
192 3 3270.6520756570853
3 193 3250.871421634513
193 3 3250.871421634513
3 194 2953.2058851356774
194 3 2953.2058851356774
3 195 3016.0014920420713
195 3 3016.0014920420713
3 196 2809.6078018114913
196 3 2809.6078018114913
3 197 2838.4723003756794
197 3 2838.4723003756794
3 198 2975.3120844711398
198 3 2975.3120844711398
3 199 3500.9167370847313
199 3 3500.9167370847313
3 200 3485.176035726173
200 3 3485.176035726173
3 201 2949.677270482315
201 3 2949.677270482315
3 202 2978.7455413311154
202 3 2978.7455413311154
3 203 3216.1010556262067
203 3 3216.1010556262067
3 204 3274.6080681510575
