customer location distance
1 2 155.0290295396317
2 1 155.0290295396317
1 3 163.68567438844488
3 1 163.68567438844488
1 4 106.47065323364932
4 1 106.47065323364932
1 5 187.8430195668713
5 1 187.8430195668713
1 6 373.68703482994965
6 1 373.68703482994965
1 7 456.2247253273325
7 1 456.2247253273325
1 8 550.5233873324547
8 1 550.5233873324547
1 9 643.3109667959967
9 1 643.3109667959967
1 10 728.033653068318
10 1 728.033653068318
1 11 344.30509726113553
11 1 344.30509726113553
1 12 233.2402195162747
12 1 233.2402195162747
1 13 226.71788636982305
13 1 226.71788636982305
1 14 285.0350855596553
14 1 285.0350855596553
1 15 402.54813376787627
15 1 402.54813376787627
1 16 469.847847712427
16 1 469.847847712427
1 17 553.7093100174495
17 1 553.7093100174495
1 18 670.465509925753
18 1 670.465509925753
1 19 736.9810038257431
19 1 736.9810038257431
1 20 633.0908307660126
20 1 633.0908307660126
1 21 560.3159822814266
21 1 560.3159822814266
1 22 466.64976159856764
22 1 466.64976159856764
1 23 423.38280550820673
23 1 423.38280550820673
1 24 371.10241174101793
24 1 371.10241174101793
1 25 370.1580743412198
25 1 370.1580743412198
1 26 403.0731943456424
26 1 403.0731943456424
1 27 480.8003743758942
27 1 480.8003743758942
1 28 603.0961780678103
28 1 603.0961780678103
1 29 699.3060846296133
29 1 699.3060846296133
1 30 727.1595423289169
30 1 727.1595423289169
1 31 618.4504830623063
31 1 618.4504830623063
1 32 558.4639648177848
32 1 558.4639648177848
1 33 516.189887541397
33 1 516.189887541397
1 34 474.0516849458506
34 1 474.0516849458506
1 35 541.5311625382236
35 1 541.5311625382236
1 36 520.6495942570205
36 1 520.6495942570205
1 37 586.900332254123
37 1 586.900332254123
1 38 682.3584102214905
38 1 682.3584102214905
1 39 793.364985362979
39 1 793.364985362979
1 40 304.381339769704
40 1 304.381339769704
1 41 292.0273959751037
41 1 292.0273959751037
1 42 758.3488643098241
42 1 758.3488643098241
1 43 968.2819837216842
43 1 968.2819837216842
1 44 953.9585944892996
44 1 953.9585944892996
1 45 595.5098655773891
45 1 595.5098655773891
1 46 594.9689067505965
46 1 594.9689067505965
1 47 914.8404232433107
47 1 914.8404232433107
1 48 860.3092467246879
48 1 860.3092467246879
1 49 768.5844130607907
49 1 768.5844130607907
1 50 842.335443870196
50 1 842.335443870196
1 51 663.844108206136
51 1 663.844108206136
1 52 549.7381194714443
52 1 549.7381194714443
1 53 490.6526266107214
53 1 490.6526266107214
1 54 522.288234598483
54 1 522.288234598483
1 55 438.5897855627739
55 1 438.5897855627739
1 56 377.69034936042516
56 1 377.69034936042516
1 57 286.53097563788805
57 1 286.53097563788805
1 58 426.07159022868444
58 1 426.07159022868444
1 59 337.2135821701137
59 1 337.2135821701137
1 60 257.6606295109907
60 1 257.6606295109907
1 61 1193.0854956791654
61 1 1193.0854956791654
1 62 945.949258681458
62 1 945.949258681458
1 63 758.032321210646
63 1 758.032321210646
1 64 604.4145928086118
64 1 604.4145928086118
1 65 571.317774972913
65 1 571.317774972913
1 66 990.8183486391439
66 1 990.8183486391439
1 67 797.4139452003583
67 1 797.4139452003583
1 68 691.1591712478393
68 1 691.1591712478393
1 69 315.12695854210887
69 1 315.12695854210887
1 70 112.75194011634566
70 1 112.75194011634566
1 71 874.0120136474097
71 1 874.0120136474097
1 72 1193.9870183548899
72 1 1193.9870183548899
1 73 670.8710755428349
73 1 670.8710755428349
1 74 657.2199023158079
74 1 657.2199023158079
1 75 617.4479735167976
75 1 617.4479735167976
1 76 735.6663645974309
76 1 735.6663645974309
1 77 780.7329889277128
77 1 780.7329889277128
1 78 927.155866076465
78 1 927.155866076465
1 79 936.6205208087212
79 1 936.6205208087212
1 80 815.2214423087754
80 1 815.2214423087754
1 81 811.6008871360356
81 1 811.6008871360356
1 82 949.2170457803632
82 1 949.2170457803632
1 83 929.748890830207
83 1 929.748890830207
1 84 1087.9090035476313
84 1 1087.9090035476313
1 85 915.2404055765895
85 1 915.2404055765895
1 86 1051.5141463622826
86 1 1051.5141463622826
1 87 1249.5127050174399
87 1 1249.5127050174399
1 88 1311.600548947735
88 1 1311.600548947735
1 89 768.3501805817449
89 1 768.3501805817449
1 90 1170.5028833796182
90 1 1170.5028833796182
1 91 755.8902036671728
91 1 755.8902036671728
1 92 1345.2048171189397
92 1 1345.2048171189397
1 93 1321.9697424676558
93 1 1321.9697424676558
1 94 1275.3572048645822
94 1 1275.3572048645822
1 95 1794.017001034271
95 1 1794.017001034271
1 96 1088.8461783006817
96 1 1088.8461783006817
1 97 1223.7001266650257
97 1 1223.7001266650257
1 98 1345.5207170460067
98 1 1345.5207170460067
1 99 1409.6027809280174
99 1 1409.6027809280174
1 100 1021.7524161948431
100 1 1021.7524161948431
1 101 1144.7663517067576
101 1 1144.7663517067576
1 102 1281.888060635561
102 1 1281.888060635561
1 103 1394.7680810801487
103 1 1394.7680810801487
1 104 1453.7898747755812
104 1 1453.7898747755812
1 105 1134.775748771536
105 1 1134.775748771536
1 106 1209.7755990265302
106 1 1209.7755990265302
1 107 1339.5357404713022
107 1 1339.5357404713022
1 108 1478.5198679760783
108 1 1478.5198679760783
1 109 1306.0245020672469
109 1 1306.0245020672469
1 110 1393.8009183524023
110 1 1393.8009183524023
1 111 1431.1568746996256
111 1 1431.1568746996256
1 112 1544.1360043726718
112 1 1544.1360043726718
1 113 1374.8254434654605
113 1 1374.8254434654605
1 114 1478.1410622805931
114 1 1478.1410622805931
1 115 1534.301143843672
115 1 1534.301143843672
1 116 1592.0945323692308
116 1 1592.0945323692308
1 117 1621.7968430108624
117 1 1621.7968430108624
1 118 1624.0483367190768
118 1 1624.0483367190768
1 119 1463.200943138023
119 1 1463.200943138023
1 120 1583.8137516766294
120 1 1583.8137516766294
1 121 1654.116078151712
121 1 1654.116078151712
1 122 1465.0938536489737
122 1 1465.0938536489737
1 123 1525.7250735306147
123 1 1525.7250735306147
1 124 1600.462745583289
124 1 1600.462745583289
1 125 1650.6522953063131
125 1 1650.6522953063131
1 126 1558.4325458613857
126 1 1558.4325458613857
1 127 1656.7525463991296
127 1 1656.7525463991296
1 128 1765.3342459715668
128 1 1765.3342459715668
1 129 1729.0416420664947
129 1 1729.0416420664947
1 130 1380.344884440117
130 1 1380.344884440117
1 131 814.1252974819048
131 1 814.1252974819048
1 132 1039.0307983885752
132 1 1039.0307983885752
1 133 1143.1347252183357
133 1 1143.1347252183357
1 134 1217.8119723504117
134 1 1217.8119723504117
1 135 1362.2547485694442
135 1 1362.2547485694442
1 136 992.639410863784
136 1 992.639410863784
1 137 1156.8526267420582
137 1 1156.8526267420582
1 138 1232.2292806129872
138 1 1232.2292806129872
1 139 1290.1957215864577
139 1 1290.1957215864577
1 140 1329.9011241441974
140 1 1329.9011241441974
1 141 818.0220045940084
141 1 818.0220045940084
1 142 986.3716338175992
142 1 986.3716338175992
1 143 1227.8314216536405
143 1 1227.8314216536405
1 144 1374.0778726113015
144 1 1374.0778726113015
1 145 817.0367188811039
145 1 817.0367188811039
1 146 1013.7184027134952
146 1 1013.7184027134952
1 147 1079.0074142470014
147 1 1079.0074142470014
1 148 1212.6598863655051
148 1 1212.6598863655051
1 149 1261.1443216380908
149 1 1261.1443216380908
1 150 1323.5592166578722
150 1 1323.5592166578722
1 151 1180.1694793545544
151 1 1180.1694793545544
1 152 1310.123658285736
152 1 1310.123658285736
1 153 893.9284087666081
153 1 893.9284087666081
1 154 1170.3661820131338
154 1 1170.3661820131338
1 155 1309.329981326327
155 1 1309.329981326327
1 156 1055.7523383824448
156 1 1055.7523383824448
1 157 1306.6843536217918
157 1 1306.6843536217918
1 158 1275.9314244895766
158 1 1275.9314244895766
1 159 912.9556396671198
159 1 912.9556396671198
1 160 1036.9513006887064
160 1 1036.9513006887064
1 161 1175.8163121848581
161 1 1175.8163121848581
1 162 1334.6389024751227
162 1 1334.6389024751227
1 163 1464.2708082865
163 1 1464.2708082865
1 164 1451.154368080805
164 1 1451.154368080805
1 165 1456.2266307137772
165 1 1456.2266307137772
1 166 1355.1431658684628
166 1 1355.1431658684628
1 167 1361.2424471783122
167 1 1361.2424471783122
1 168 1374.0778726113015
168 1 1374.0778726113015
1 169 1178.1481231152559
169 1 1178.1481231152559
1 170 1052.9639120121828
170 1 1052.9639120121828
1 171 882.0209748072888
171 1 882.0209748072888
1 172 819.2539288889618
172 1 819.2539288889618
1 173 787.1619909523071
173 1 787.1619909523071
1 174 747.0609078247904
174 1 747.0609078247904
1 175 1031.2885144323095
175 1 1031.2885144323095
1 176 947.2021959434005
176 1 947.2021959434005
1 177 860.8879137262876
177 1 860.8879137262876
1 178 743.855496719625
178 1 743.855496719625
1 179 786.5697680434965
179 1 786.5697680434965
1 180 804.3904524545278
180 1 804.3904524545278
1 181 838.4491636348622
181 1 838.4491636348622
1 182 1119.6789718486277
182 1 1119.6789718486277
1 183 1083.9561799261076
183 1 1083.9561799261076
1 184 1000.7397264024248
184 1 1000.7397264024248
1 185 933.4677284191457
185 1 933.4677284191457
1 186 838.513565781735
186 1 838.513565781735
1 187 899.4142538341273
187 1 899.4142538341273
1 188 895.3323405305987
188 1 895.3323405305987
1 189 1081.8881642757722
189 1 1081.8881642757722
1 190 1020.3097568875836
190 1 1020.3097568875836
1 191 942.980911789841
191 1 942.980911789841
1 192 965.2383125425555
192 1 965.2383125425555
1 193 1024.7467979945095
193 1 1024.7467979945095
1 194 947.8000844059891
194 1 947.8000844059891
1 195 887.8203647134932
195 1 887.8203647134932
1 196 1079.0797004855572
196 1 1079.0797004855572
1 197 1038.8806476203126
197 1 1038.8806476203126
1 198 1071.7014509647731
198 1 1071.7014509647731
1 199 1119.1787167383054
199 1 1119.1787167383054
1 200 1149.4076735432038
200 1 1149.4076735432038
2 3 291.62475889402805
3 2 291.62475889402805
2 4 181.40011025354974
4 2 181.40011025354974
2 5 89.80534505250787
5 2 89.80534505250787
2 6 222.80035906613796
6 2 222.80035906613796
2 7 302.82833420933383
7 2 302.82833420933383
2 8 395.9217094325594
8 2 395.9217094325594
2 9 488.5417075337581
9 2 488.5417075337581
2 10 573.013961435496
10 2 573.013961435496
2 11 433.0819783828461
11 2 433.0819783828461
2 12 316.1154852265229
12 2 316.1154852265229
2 13 256.76643082770767
13 2 256.76643082770767
2 14 206.40009689920205
14 2 206.40009689920205
2 15 273.11719096387907
15 2 273.11719096387907
2 16 323.6927555568706
16 2 323.6927555568706
2 17 406.1625290447163
17 2 406.1625290447163
2 18 519.2937511659466
18 2 519.2937511659466
2 19 582.7941317480813
19 2 582.7941317480813
2 20 700.7553067940335
20 2 700.7553067940335
2 21 664.8969845021106
21 2 664.8969845021106
2 22 559.2602256552848
22 2 559.2602256552848
2 23 459.7879946236091
23 2 459.7879946236091
2 24 370.4821183269174
24 2 370.4821183269174
2 25 327.8795510549568
25 2 327.8795510549568
2 26 317.5059054568907
26 2 317.5059054568907
2 27 370.91912865205535
27 2 370.91912865205535
2 28 468.7355331100897
28 2 468.7355331100897
2 29 552.7865772610619
29 2 552.7865772610619
2 30 584.7298521539669
30 2 584.7298521539669
2 31 727.1650431642049
31 2 727.1650431642049
2 32 628.1560315717744
32 2 628.1560315717744
2 33 545.8223154104273
33 2 545.8223154104273
2 34 473.9039987170397
34 2 473.9039987170397
2 35 540.9195873695091
35 2 540.9195873695091
2 36 478.00627610942513
36 2 478.00627610942513
2 37 492.5870481447924
37 2 492.5870481447924
2 38 563.6922919465903
38 2 563.6922919465903
2 39 660.4013930936245
39 2 660.4013930936245
2 40 157.07959765672945
40 2 157.07959765672945
2 41 137.17871555019022
41 2 137.17871555019022
2 42 894.8994356909608
42 2 894.8994356909608
2 43 1108.6370010061905
43 2 1108.6370010061905
2 44 1098.9017244503714
44 2 1098.9017244503714
2 45 730.5080423924161
45 2 730.5080423924161
2 46 740.1418782909126
46 2 740.1418782909126
2 47 1063.7692418941244
47 2 1063.7692418941244
2 48 1014.0424054249409
48 2 1014.0424054249409
2 49 921.585590165124
49 2 921.585590165124
2 50 990.7699026514683
50 2 990.7699026514683
2 51 817.5701804738233
51 2 817.5701804738233
2 52 703.6490602566026
52 2 703.6490602566026
2 53 640.5388356688453
53 2 640.5388356688453
2 54 675.1866408631024
54 2 675.1866408631024
2 55 592.9426616461325
55 2 592.9426616461325
2 56 531.6615464748227
56 2 531.6615464748227
2 57 440.9104217411968
57 2 440.9104217411968
2 58 575.1043383595711
58 2 575.1043383595711
2 59 482.24993519958093
59 2 482.24993519958093
2 60 404.120031673759
60 2 404.120031673759
2 61 1346.2633471947456
61 2 1346.2633471947456
2 62 1096.0593049648362
62 2 1096.0593049648362
2 63 903.606662215369
63 2 903.606662215369
2 64 729.7156980632936
64 2 729.7156980632936
2 65 711.6867288350963
65 2 711.6867288350963
2 66 1139.2387809410282
66 2 1139.2387809410282
2 67 939.2449094884678
67 2 939.2449094884678
2 68 825.823831092322
68 2 825.823831092322
2 69 462.03138421540154
69 2 462.03138421540154
2 70 267.47897113605023
70 2 267.47897113605023
2 71 1015.0197042422378
71 2 1015.0197042422378
2 72 1346.3435668506015
72 2 1346.3435668506015
2 73 705.2162788818761
73 2 705.2162788818761
2 74 674.2729417676495
74 2 674.2729417676495
2 75 617.5370434233075
75 2 617.5370434233075
2 76 683.5181051003697
76 2 683.5181051003697
2 77 705.6245460583128
77 2 705.6245460583128
2 78 832.6944217418536
78 2 832.6944217418536
2 79 819.2704071306372
79 2 819.2704071306372
2 80 836.301381082203
80 2 836.301381082203
2 81 793.6056955440781
81 2 793.6056955440781
2 82 908.6192822079004
82 2 908.6192822079004
2 83 861.5387396977573
83 2 861.5387396977573
2 84 1003.2925794602489
84 2 1003.2925794602489
2 85 920.5090982711687
85 2 920.5090982711687
2 86 988.3420460549071
86 2 988.3420460549071
2 87 1158.7752154753744
87 2 1158.7752154753744
2 88 1227.5870641221338
88 2 1227.5870641221338
2 89 658.8869402257112
89 2 658.8869402257112
2 90 1093.1591832848499
90 2 1093.1591832848499
2 91 727.5713023477493
91 2 727.5713023477493
2 92 1253.0227452045713
92 2 1253.0227452045713
2 93 1243.5023120203678
93 2 1243.5023120203678
2 94 1200.7705859155612
94 2 1200.7705859155612
2 95 1691.4068109121472
95 2 1691.4068109121472
2 96 948.9910431611038
96 2 948.9910431611038
2 97 1080.6535059860769
97 2 1080.6535059860769
2 98 1199.376504688999
98 2 1199.376504688999
2 99 1262.3890050218276
99 2 1262.3890050218276
2 100 896.5288617774667
100 2 896.5288617774667
2 101 1012.0948572144806
101 2 1012.0948572144806
2 102 1143.6944522030349
102 2 1143.6944522030349
2 103 1253.1639956526042
103 2 1253.1639956526042
2 104 1310.617030257123
104 2 1310.617030257123
2 105 1019.8401835581886
105 2 1019.8401835581886
2 106 1083.2252766622462
106 2 1083.2252766622462
2 107 1206.8115014367406
107 2 1206.8115014367406
2 108 1340.4435832962163
108 2 1340.4435832962163
2 109 1184.0143580210504
109 2 1184.0143580210504
2 110 1264.503459860826
110 2 1264.503459860826
2 111 1304.8708748378133
111 2 1304.8708748378133
2 112 1410.4077424631503
112 2 1410.4077424631503
2 113 1258.888795724229
113 2 1258.888795724229
2 114 1356.0711633244032
114 2 1356.0711633244032
2 115 1409.8460908907753
115 2 1409.8460908907753
2 116 1462.191847877699
116 2 1462.191847877699
2 117 1494.3791352933165
117 2 1494.3791352933165
2 118 1485.1966199799945
118 2 1485.1966199799945
2 119 1352.8107776034312
119 2 1352.8107776034312
2 120 1464.2950522350336
120 2 1464.2950522350336
2 121 1529.4057669565655
121 2 1529.4057669565655
2 122 1367.5211150106604
122 2 1367.5211150106604
2 123 1419.618610754311
123 2 1419.618610754311
2 124 1489.9224812049786
124 2 1489.9224812049786
2 125 1536.9661674871052
125 2 1536.9661674871052
2 126 1462.6011076161537
126 2 1462.6011076161537
2 127 1553.1429425522945
127 2 1553.1429425522945
2 128 1638.7486079322844
128 2 1638.7486079322844
2 129 1610.3853576085446
129 2 1610.3853576085446
2 130 1279.0003909303546
130 2 1279.0003909303546
2 131 660.9281352764459
131 2 660.9281352764459
2 132 888.4486479251348
132 2 888.4486479251348
2 133 993.0745188554583
133 2 993.0745188554583
2 134 1067.6047957929002
134 2 1067.6047957929002
2 135 1212.6681326727442
135 2 1212.6681326727442
2 136 838.9332512184744
136 2 838.9332512184744
2 137 1004.1483954077704
137 2 1004.1483954077704
2 138 1079.780070199483
138 2 1079.780070199483
2 139 1138.7084789356757
139 2 1138.7084789356757
2 140 1177.4145404232106
140 2 1177.4145404232106
2 141 663.0610831590103
141 2 663.0610831590103
2 142 831.445127473846
142 2 831.445127473846
2 143 1073.7001443606125
143 2 1073.7001443606125
2 144 1220.4982589090407
144 2 1220.4982589090407
2 145 664.1724173736817
145 2 664.1724173736817
2 146 859.239780270909
146 2 859.239780270909
2 147 924.0005411253827
147 2 924.0005411253827
2 148 1057.6473892559845
148 2 1057.6473892559845
2 149 1106.3475945651078
149 2 1106.3475945651078
2 150 1168.7861224364362
150 2 1168.7861224364362
2 151 1025.2580163061393
151 2 1025.2580163061393
2 152 1155.0973984907073
152 2 1155.0973984907073
2 153 742.9468352446223
153 2 742.9468352446223
2 154 1016.3350825392184
154 2 1016.3350825392184
2 155 1154.6657525015628
155 2 1154.6657525015628
2 156 905.386657732485
156 2 905.386657732485
2 157 1152.9310473744733
157 2 1152.9310473744733
2 158 1123.6729951369305
158 2 1123.6729951369305
2 159 771.6022291310466
159 2 771.6022291310466
2 160 890.8389304470253
160 2 890.8389304470253
2 161 1027.0861697053465
161 2 1027.0861697053465
2 162 1184.0967021320514
162 2 1184.0967021320514
2 163 1325.146407005656
163 2 1325.146407005656
2 164 1308.1058825645575
164 2 1308.1058825645575
2 165 1311.0034324897856
165 2 1311.0034324897856
2 166 1205.4580042456892
166 2 1205.4580042456892
2 167 1208.953679840547
167 2 1208.953679840547
2 168 1220.4982589090407
168 2 1220.4982589090407
2 169 1320.850105045989
169 2 1320.850105045989
2 170 1196.8161930722695
170 2 1196.8161930722695
2 171 1019.2060635612407
171 2 1019.2060635612407
2 172 950.2762756167282
172 2 950.2762756167282
2 173 909.5372449768068
173 2 909.5372449768068
2 174 827.5083081153929
174 2 827.5083081153929
2 175 1163.8702676845044
175 2 1163.8702676845044
2 176 1079.0931377781994
176 2 1079.0931377781994
2 177 983.0615443602704
177 2 983.0615443602704
2 178 855.0374260814552
178 2 855.0374260814552
2 179 883.8563231657055
179 2 883.8563231657055
2 180 880.1738464644357
180 2 880.1738464644357
2 181 891.1930206189903
181 2 891.1930206189903
2 182 1253.4995013959917
182 2 1253.4995013959917
2 183 1211.7528625920386
183 2 1211.7528625920386
2 184 1123.9225951995093
184 2 1123.9225951995093
2 185 1049.3902991737632
185 2 1049.3902991737632
2 186 947.3505159126689
186 2 947.3505159126689
2 187 986.8029185202079
187 2 986.8029185202079
2 188 971.2888344874557
188 2 971.2888344874557
2 189 1197.931550632172
189 2 1197.931550632172
2 190 1130.7528465584335
190 2 1130.7528465584335
2 191 1048.6395949037972
191 2 1048.6395949037972
2 192 1058.2820984973714
192 2 1058.2820984973714
2 193 1102.905254316979
193 2 1102.905254316979
2 194 1004.9721389172936
194 2 1004.9721389172936
2 195 996.8214484048785
195 2 996.8214484048785
2 196 1147.9743028482824
196 2 1147.9743028482824
2 197 1144.8078441380458
197 2 1144.8078441380458
2 198 1167.8638619291205
198 2 1167.8638619291205
2 199 1206.6519796527912
199 2 1206.6519796527912
2 200 1225.2183478874285
200 2 1225.2183478874285
3 4 119.21828718783037
4 3 119.21828718783037
3 5 277.4779270500629
5 3 277.4779270500629
3 6 481.27435003332556
6 3 481.27435003332556
3 7 567.3869931537029
7 3 567.3869931537029
3 8 665.4058911671883
8 3 665.4058911671883
3 9 758.0303424006192
9 3 758.0303424006192
3 10 846.0472800027195
10 3 846.0472800027195
3 11 194.48650338776724
11 3 194.48650338776724
3 12 109.77249200050075
12 3 109.77249200050075
3 13 175.07141400011596
13 3 175.07141400011596
3 14 322.6019218789622
14 3 322.6019218789622
3 15 473.7531002537081
15 3 473.7531002537081
3 16 562.0035587075939
16 3 562.0035587075939
3 17 645.1116182491213
17 3 645.1116182491213
3 18 768.0162758692031
18 3 768.0162758692031
3 19 845.8191296015951
19 3 845.8191296015951
3 20 486.17383722286
20 3 486.17383722286
3 21 397.7247792129628
21 3 397.7247792129628
3 22 309.3751767676263
22 3 309.3751767676263
3 23 313.2091952673165
23 3 313.2091952673165
3 24 307.0504844484047
24 3 307.0504844484047
3 25 350.3855019831728
25 3 350.3855019831728
3 26 423.46782640479313
26 3 423.46782640479313
3 27 519.8788320368507
27 3 519.8788320368507
3 28 667.9715562806548
28 3 667.9715562806548
3 29 783.8686114394427
29 3 783.8686114394427
3 30 802.1782844231076
30 3 802.1782844231076
3 31 455.02747169813824
31 3 455.02747169813824
3 32 412.16137616229884
32 3 412.16137616229884
3 33 404.0853870161602
33 3 404.0853870161602
3 34 394.55544604022384
34 3 394.55544604022384
3 35 456.20718977236646
35 3 456.20718977236646
3 36 480.2426470025335
36 3 480.2426470025335
3 37 598.6092214458445
37 3 598.6092214458445
3 38 720.136098248102
38 3 720.136098248102
3 39 849.1648838712067
39 3 849.1648838712067
3 40 410.55693880386434
40 3 410.55693880386434
3 41 417.3260116503643
41 3 417.3260116503643
3 42 743.3034373659252
42 3 743.3034373659252
3 43 938.2350451779128
43 3 938.2350451779128
3 44 911.0005488472551
44 3 911.0005488472551
3 45 591.0778290546855
45 3 591.0778290546855
3 46 562.2819577400647
46 3 562.2819577400647
3 47 858.6617494683223
47 3 858.6617494683223
3 48 779.772402691965
48 3 779.772402691965
3 49 695.2244241969639
49 3 695.2244241969639
3 50 789.5885004228469
50 3 789.5885004228469
3 51 547.2056286260221
51 3 547.2056286260221
3 52 476.2488845131293
52 3 476.2488845131293
3 53 445.58388660273613
53 3 445.58388660273613
3 54 403.2790597092787
54 3 403.2790597092787
3 55 333.79334924470857
55 3 333.79334924470857
3 56 315.45681162403196
56 3 315.45681162403196
3 57 195.45076106272904
57 3 195.45076106272904
3 58 293.7515957403466
58 3 293.7515957403466
3 59 196.596032513375
59 3 196.596032513375
3 60 125.67418191498204
60 3 125.67418191498204
3 61 1069.2286939658886
61 3 1069.2286939658886
3 62 811.79122931946
62 3 811.79122931946
3 63 614.4477195010166
63 3 614.4477195010166
3 64 442.5968820495689
64 3 442.5968820495689
3 65 420.41527089295886
65 3 420.41527089295886
3 66 852.2839902286092
66 3 852.2839902286092
3 67 648.0771559004376
67 3 648.0771559004376
3 68 534.6026561849463
68 3 534.6026561849463
3 69 302.23500789948207
69 3 302.23500789948207
3 70 110.07270324653611
70 3 110.07270324653611
3 71 844.2523319482156
71 3 844.2523319482156
3 72 1066.4520617449243
72 3 1066.4520617449243
3 73 546.9378392468379
73 3 546.9378392468379
3 74 548.4350462908073
74 3 548.4350462908073
3 75 526.2632421136783
75 3 526.2632421136783
3 76 690.7922987410905
76 3 690.7922987410905
3 77 759.3345771134092
77 3 759.3345771134092
3 78 924.026514771086
78 3 924.026514771086
3 79 964.1975938571927
79 3 964.1975938571927
3 80 697.699792174256
80 3 697.699792174256
3 81 728.9204346154661
81 3 728.9204346154661
3 82 884.6536045255227
82 3 884.6536045255227
3 83 895.3133529664349
83 3 895.3133529664349
3 84 1068.7249412266938
84 3 1068.7249412266938
3 85 808.5072665103264
85 3 808.5072665103264
3 86 1008.3536086115822
86 3 1008.3536086115822
3 87 1234.9805666487225
87 3 1234.9805666487225
3 88 1287.852864266722
88 3 1287.852864266722
3 89 789.9525302193797
89 3 789.9525302193797
3 90 1141.056527959943
90 3 1141.056527959943
3 91 685.440734126591
91 3 685.440734126591
3 92 1331.12471241428
92 3 1331.12471241428
3 93 1291.4429913859922
93 3 1291.4429913859922
3 94 1240.972602437298
94 3 1240.972602437298
3 95 1789.2624178694416
95 3 1789.2624178694416
3 96 1151.6878917484546
96 3 1151.6878917484546
3 97 1291.8409344807123
97 3 1291.8409344807123
3 98 1420.0792231421458
98 3 1420.0792231421458
3 99 1486.541287687631
99 3 1486.541287687631
3 100 1059.536219295971
100 3 1059.536219295971
3 101 1193.129079353948
101 3 1193.129079353948
3 102 1339.0810281681986
102 3 1339.0810281681986
3 103 1458.1237944701404
103 3 1458.1237944701404
3 104 1520.2578728623641
104 3 1520.2578728623641
3 105 1154.800848631486
105 3 1154.800848631486
3 106 1246.7076642100185
106 3 1246.7076642100185
3 107 1385.6641007112798
107 3 1385.6641007112798
3 108 1533.7177054464748
108 3 1533.7177054464748
3 109 1334.3646428169475
109 3 1334.3646428169475
3 110 1433.2689908038894
110 3 1433.2689908038894
3 111 1465.1078458598192
111 3 1465.1078458598192
3 112 1590.3097182624522
112 3 1590.3097182624522
3 113 1392.9860013654122
113 3 1392.9860013654122
3 114 1504.725888658795
114 3 1504.725888658795
3 115 1564.2560532086811
115 3 1564.2560532086811
3 116 1630.9046569312384
116 3 1630.9046569312384
3 117 1656.0368353391177
117 3 1656.0368353391177
3 118 1679.8220143812855
118 3 1679.8220143812855
3 119 1472.2425071977782
119 3 1472.2425071977782
3 120 1605.4049333423638
120 3 1605.4049333423638
3 121 1683.5322984724708
121 3 1683.5322984724708
3 122 1456.5208546395756
122 3 1456.5208546395756
3 123 1528.064134779689
123 3 1528.064134779689
3 124 1608.4029345907077
124 3 1608.4029345907077
3 125 1662.7838103614072
125 3 1662.7838103614072
3 126 1546.6133970711621
126 3 1546.6133970711621
3 127 1654.4394821207575
127 3 1654.4394821207575
3 128 1797.1466272956138
128 3 1797.1466272956138
3 129 1748.1510232242522
129 3 1748.1510232242522
3 130 1377.7681227260268
130 3 1377.7681227260268
3 131 945.9096151324396
131 3 945.9096151324396
3 132 1177.0004248087594
132 3 1177.0004248087594
3 133 1282.0062402344226
133 3 1282.0062402344226
3 134 1356.3012202309633
134 3 1356.3012202309633
3 135 1501.8112398034582
135 3 1501.8112398034582
3 136 1121.7851844270363
136 3 1121.7851844270363
3 137 1289.215653023186
137 3 1289.215653023186
3 138 1365.2325809179915
138 3 1365.2325809179915
3 139 1425.7327940396124
139 3 1425.7327940396124
3 140 1462.625037389966
140 3 1462.625037389966
3 141 933.3622019344901
141 3 933.3622019344901
3 142 1106.9209547207968
142 3 1106.9209547207968
3 143 1354.1894254497781
143 3 1354.1894254497781
3 144 1502.7857465387406
144 3 1502.7857465387406
3 145 918.1394229636368
145 3 918.1394229636368
3 146 1121.8270811493187
146 3 1121.8270811493187
3 147 1193.774685608637
147 3 1193.774685608637
3 148 1330.0259395966682
148 3 1330.0259395966682
3 149 1382.3530663329104
149 3 1382.3530663329104
3 150 1444.8473967862487
150 3 1444.8473967862487
3 151 1292.111837264871
151 3 1292.111837264871
3 152 1424.992982438861
152 3 1424.992982438861
3 153 987.0263421003515
153 3 987.0263421003515
3 154 1274.1899387453975
154 3 1274.1899387453975
3 155 1417.445589784666
155 3 1417.445589784666
3 156 1144.9480337552443
156 3 1144.9480337552443
3 157 1408.0287639107378
157 3 1408.0287639107378
3 158 1370.2218798428232
158 3 1370.2218798428232
3 159 981.6440291673963
159 3 981.6440291673963
3 160 1114.468931823584
160 3 1114.468931823584
3 161 1258.8601987512354
161 3 1258.8601987512354
3 162 1422.1462653327892
162 3 1422.1462653327892
3 163 1616.413932134959
163 3 1616.413932134959
3 164 1599.7199754957117
164 3 1599.7199754957117
3 165 1602.3336107065845
165 3 1602.3336107065845
3 166 1494.5186516065967
166 3 1494.5186516065967
3 167 1494.513298702959
167 3 1494.513298702959
3 168 1502.7857465387406
168 3 1502.7857465387406
3 169 1029.684417673687
169 3 1029.684417673687
3 170 906.1434764980654
170 3 906.1434764980654
3 171 727.6661322337326
171 3 727.6661322337326
3 172 660.4013930936245
172 3 660.4013930936245
3 173 624.7599539022967
173 3 624.7599539022967
3 174 591.5310642730439
174 3 591.5310642730439
3 175 873.5473656305078
175 3 873.5473656305078
3 176 788.9771859819522
176 3 788.9771859819522
3 177 698.5162847063767
177 3 698.5162847063767
3 178 580.1810062385704
178 3 580.1810062385704
3 179 624.7919653772766
179 3 624.7919653772766
3 180 650.5144118311292
180 3 650.5144118311292
3 181 697.230234571049
181 3 697.230234571049
3 182 962.7969671742844
182 3 962.7969671742844
3 183 923.7250673225232
183 3 923.7250673225232
3 184 838.7735093575619
184 3 838.7735093575619
3 185 770.0422066354545
185 3 770.0422066354545
3 186 674.894065761435
186 3 674.894065761435
3 187 740.1385005524304
187 3 740.1385005524304
3 188 740.6490396942401
188 3 740.6490396942401
3 189 918.5450451665395
189 3 918.5450451665395
3 190 856.6241883113038
190 3 856.6241883113038
3 191 779.5293451820785
191 3 779.5293451820785
3 192 804.0348251164249
192 3 804.0348251164249
3 193 868.3852831548909
193 3 868.3852831548909
3 194 802.5073208388818
194 3 802.5073208388818
3 195 724.1767739992771
195 3 724.1767739992771
3 196 926.5527507918802
196 3 926.5527507918802
3 197 875.3570700005798
197 3 875.3570700005798
3 198 909.5542864502371
198 3 909.5542864502371
3 199 959.1767303265858
199 3 959.1767303265858
3 200 993.4913185327791
200 3 993.4913185327791
4 5 158.26875876179733
5 4 158.26875876179733
4 6 362.0635303368733
6 4 362.0635303368733
4 7 448.1707263978762
7 4 448.1707263978762
4 8 546.1904429775387
8 4 546.1904429775387
4 9 638.8153097727073
9 4 638.8153097727073
4 10 726.8376710105222
10 4 726.8376710105222
4 11 256.6748916431056
11 4 256.6748916431056
4 12 139.8177385026664
12 4 139.8177385026664
4 13 120.61923561356207
13 4 120.61923561356207
4 14 216.09488656606385
14 4 216.09488656606385
4 15 359.489916409348
15 4 359.489916409348
4 16 444.25330612163145
16 4 444.25330612163145
4 17 527.7973095801077
17 4 527.7973095801077
4 18 650.1107597940523
18 4 650.1107597940523
4 19 726.8624354030135
19 4 726.8624354030135
4 20 537.5686002734907
20 4 537.5686002734907
4 21 485.14946150645164
21 4 485.14946150645164
4 22 382.6042341637113
22 4 382.6042341637113
4 23 318.2341904949875
23 4 318.2341904949875
4 24 266.0845730214362
24 4 266.0845730214362
4 25 275.835095664058
25 4 275.835095664058
4 26 327.27358585745964
26 4 327.27358585745964
4 27 416.83210049131293
27 4 416.83210049131293
4 28 557.0215435690078
28 4 557.0215435690078
4 29 668.3000822983639
29 4 668.3000822983639
4 30 688.9622631175092
30 4 688.9622631175092
4 31 546.7257081937889
31 4 546.7257081937889
4 32 463.303356344415
32 4 463.303356344415
4 33 410.70183832069705
33 4 410.70183832069705
4 34 368.14263540100865
34 4 368.14263540100865
4 35 435.4124481454337
35 4 435.4124481454337
4 36 422.24637357827004
36 4 422.24637357827004
4 37 509.23079247036895
37 4 509.23079247036895
4 38 619.4069744521771
38 4 619.4069744521771
4 39 742.0970286963828
39 4 742.0970286963828
4 40 291.3417237540823
40 4 291.3417237540823
4 41 299.8799759903952
41 4 299.8799759903952
4 42 824.3257851116875
42 4 824.3257851116875
4 43 1027.6195794164298
43 4 1027.6195794164298
4 44 1006.233074391813
44 4 1006.233074391813
4 45 665.3239812301973
45 4 665.3239812301973
4 46 650.7134546019469
46 4 650.7134546019469
4 47 959.3294533162212
47 4 959.3294533162212
4 48 889.1546547142403
48 4 889.1546547142403
4 49 801.8042155040094
49 4 801.8042155040094
4 50 888.5611965419151
50 4 888.5611965419151
4 51 665.0030075119961
51 4 665.0030075119961
4 52 581.4086342668123
52 4 581.4086342668123
4 53 538.4459118611636
53 4 538.4459118611636
4 54 521.003838757451
54 4 521.003838757451
4 55 447.8001786511479
55 4 447.8001786511479
4 56 413.55289867198366
56 4 413.55289867198366
4 57 301.7614952242913
57 4 301.7614952242913
4 58 412.7529527453438
58 4 412.7529527453438
4 59 315.8053197778657
59 4 315.8053197778657
4 60 243.03291958086666
60 4 243.03291958086666
4 61 1188.2899477821059
61 4 1188.2899477821059
4 62 930.9199750784168
62 4 930.9199750784168
4 63 732.6069887736535
63 4 732.6069887736535
4 64 548.7667992872747
64 4 548.7667992872747
4 65 536.9729974589039
65 4 536.9729974589039
4 66 971.0185374131639
66 4 971.0185374131639
4 67 764.4926422144297
67 4 764.4926422144297
4 68 647.2225274200521
68 4 647.2225274200521
4 69 375.62348169410285
69 4 375.62348169410285
4 70 153.40469353966978
70 4 153.40469353966978
4 71 933.1264651696467
71 4 933.1264651696467
4 72 1185.6546714790104
72 4 1185.6546714790104
4 73 566.5933285876212
73 4 566.5933285876212
4 74 551.0444628158422
74 4 551.0444628158422
4 75 511.14185897850314
75 4 511.14185897850314
4 76 637.5460767662208
76 4 637.5460767662208
4 77 690.3796057242711
77 4 690.3796057242711
4 78 844.7591372693165
78 4 844.7591372693165
4 79 869.1662671779203
79 4 869.1662671779203
4 80 709.5928410010913
80 4 709.5928410010913
4 81 706.2803975759202
81 4 706.2803975759202
4 82 847.0802795485207
82 4 847.0802795485207
4 83 835.5387483534201
83 4 835.5387483534201
4 84 999.5248871338822
84 4 999.5248871338822
4 85 808.8046735770015
85 4 808.8046735770015
4 86 954.9712037543331
86 4 954.9712037543331
4 87 1163.3099329069619
87 4 1163.3099329069619
4 88 1222.0114565747738
88 4 1222.0114565747738
4 89 696.9835005220712
89 4 696.9835005220712
4 90 1078.6106804588949
90 4 1078.6106804588949
4 91 652.1610230610229
91 4 652.1610230610229
4 92 1259.3649193144931
92 4 1259.3649193144931
4 93 1230.0
93 4 1230.0
4 94 1182.0118442722983
94 4 1182.0118442722983
4 95 1712.6415269985719
95 4 1712.6415269985719
4 96 1043.0695087097504
96 4 1043.0695087097504
4 97 1181.7554738608153
97 4 1181.7554738608153
4 98 1308.2331596470103
98 4 1308.2331596470103
4 99 1374.0931555029301
99 4 1374.0931555029301
4 100 960.2551744197997
100 4 960.2551744197997
4 101 1089.8449430997055
101 4 1089.8449430997055
4 102 1232.7534222219786
102 4 1232.7534222219786
4 103 1349.8214696766383
103 4 1349.8214696766383
4 104 1411.0014174337316
104 4 1411.0014174337316
4 105 1063.9567660389214
105 4 1063.9567660389214
4 106 1148.2512791196882
106 4 1148.2512791196882
4 107 1283.621439521793
107 4 1283.621439521793
4 108 1428.3868523617823
108 4 1428.3868523617823
4 109 1239.9370951786223
109 4 1239.9370951786223
4 110 1334.0573450942804
110 4 1334.0573450942804
4 111 1368.3486397844665
111 4 1368.3486397844665
4 112 1488.533506509007
112 4 1488.533506509007
4 113 1303.5631937117587
113 4 1303.5631937117587
4 114 1411.399659912103
114 4 1411.399659912103
4 115 1469.4461541682974
115 4 1469.4461541682974
4 116 1532.2431269220951
116 4 1532.2431269220951
4 117 1559.4040528355697
117 4 1559.4040528355697
4 118 1574.4411707015286
118 4 1574.4411707015286
4 119 1387.6314352161385
119 4 1387.6314352161385
4 120 1514.6095206355994
120 4 1514.6095206355994
4 121 1589.1192529196794
121 4 1589.1192529196794
4 122 1381.6931642010827
122 4 1381.6931642010827
4 123 1447.1492666618742
123 4 1447.1492666618742
4 124 1524.5684635332059
124 4 1524.5684635332059
4 125 1576.8173641864805
125 4 1576.8173641864805
4 126 1473.8303837280598
126 4 1473.8303837280598
4 127 1576.282017914307
127 4 1576.282017914307
4 128 1701.759383696767
128 4 1701.759383696767
4 129 1658.745610393589
129 4 1658.745610393589
4 130 1299.3598423839333
130 4 1299.3598423839333
4 131 827.7632511775332
131 4 827.7632511775332
4 132 1059.8665010273698
132 4 1059.8665010273698
4 133 1165.0068669325517
133 4 1165.0068669325517
4 134 1239.1456734379537
134 4 1239.1456734379537
4 135 1384.8357303304967
135 4 1384.8357303304967
4 136 1003.127609030875
136 4 1003.127609030875
4 137 1170.8885514855801
137 4 1170.8885514855801
4 138 1246.9647148175445
138 4 1246.9647148175445
4 139 1307.8780524192614
139 4 1307.8780524192614
4 140 1344.2711779994393
140 4 1344.2711779994393
4 141 814.164602522119
141 4 814.164602522119
4 142 987.7190896201207
142 4 987.7190896201207
4 143 1235.1882447627163
143 4 1235.1882447627163
4 144 1383.9371373006795
144 4 1383.9371373006795
4 145 800.0006249997558
145 4 800.0006249997558
4 146 1003.1016897603154
146 4 1003.1016897603154
4 147 1074.6445924118354
147 4 1074.6445924118354
4 148 1210.8344230323153
148 4 1210.8344230323153
4 149 1263.1425097747285
149 4 1263.1425097747285
4 150 1325.6353193846337
150 4 1325.6353193846337
4 151 1173.1564260574974
151 4 1173.1564260574974
4 152 1305.900455624394
152 4 1305.900455624394
4 153 870.2114685523284
153 4 870.2114685523284
4 154 1156.0108130982167
154 4 1156.0108130982167
4 155 1298.8506457633996
155 4 1298.8506457633996
4 156 1029.1127246322435
156 4 1029.1127246322435
4 157 1290.2619888999288
157 4 1290.2619888999288
4 158 1253.6048021605534
158 4 1253.6048021605534
4 159 870.774368019638
159 4 870.774368019638
4 160 1001.369062833479
160 4 1001.369062833479
4 161 1144.5627986266197
161 4 1144.5627986266197
4 162 1306.9724557158809
162 4 1306.9724557158809
4 163 1504.9136187834836
163 4 1504.9136187834836
4 164 1486.091854496215
164 4 1486.091854496215
4 165 1487.5389070541987
165 4 1487.5389070541987
4 166 1377.499546279417
166 4 1377.499546279417
4 167 1376.2299953132833
167 4 1376.2299953132833
4 168 1383.9371373006795
168 4 1383.9371373006795
4 169 1145.832884848397
169 4 1145.832884848397
4 170 1023.0273701128431
170 4 1023.0273701128431
4 171 841.2639300481152
171 4 841.2639300481152
4 172 770.1460900374682
172 4 770.1460900374682
4 173 728.175802948711
173 4 728.175802948711
4 174 657.6351572110482
174 4 657.6351572110482
4 175 983.9125977443322
175 4 983.9125977443322
4 176 899.0305890235326
176 4 899.0305890235326
4 177 801.6782396947044
177 4 801.6782396947044
4 178 674.380456419075
178 4 674.380456419075
4 179 706.8493474567265
179 4 706.8493474567265
4 180 712.9684424993858
180 4 712.9684424993858
4 181 738.7726307870372
181 4 738.7726307870372
4 182 1073.8365797457266
182 4 1073.8365797457266
4 183 1030.7458464626477
183 4 1030.7458464626477
4 184 942.5497334358543
184 4 942.5497334358543
4 185 868.2683916854281
185 4 868.2683916854281
4 186 767.237251441821
186 4 767.237251441821
4 187 814.0282550378703
187 4 814.0282550378703
4 188 804.2512045374878
188 4 804.2512045374878
4 189 1016.8628226068647
189 4 1016.8628226068647
4 190 950.5030247190168
190 4 950.5030247190168
4 191 869.3865653436335
191 4 869.3865653436335
4 192 883.23100036174
192 4 883.23100036174
4 193 934.9663095534512
193 4 934.9663095534512
4 194 849.7299571040202
194 4 849.7299571040202
4 195 816.7331265474666
195 4 816.7331265474666
4 196 985.4303628364614
196 4 985.4303628364614
4 197 965.5946354449159
197 4 965.5946354449159
4 198 991.7782010106897
198 4 991.7782010106897
4 199 1034.2480360145723
199 4 1034.2480360145723
4 200 1058.7813749778563
200 4 1058.7813749778563
5 6 203.79646709401024
6 5 203.79646709401024
5 7 289.9137802864845
7 5 289.9137802864845
5 8 387.98582448331797
8 5 387.98582448331797
5 9 480.5538471389028
9 5 480.5538471389028
5 10 568.6563109647162
10 5 568.6563109647162
5 11 382.2002093144377
11 5 382.2002093144377
5 12 269.94073423623934
12 5 269.94073423623934
5 13 190.9659655540746
13 5 190.9659655540746
5 14 117.65202930676547
14 5 117.65202930676547
5 15 214.84878403193255
15 5 214.84878403193255
5 16 289.1262699928874
16 5 289.1262699928874
5 17 373.23049178758157
17 5 373.23049178758157
5 18 494.0374479733292
18 5 494.0374479733292
5 19 568.9006943219529
19 5 568.9006943219529
5 20 632.7377023696312
20 5 632.7377023696312
5 21 616.601167692699
21 5 616.601167692699
5 22 506.13140586215354
22 5 506.13140586215354
5 23 384.4398522525988
23 5 384.4398522525988
5 24 286.6810073932349
24 5 286.6810073932349
5 25 238.30232898568156
25 5 238.30232898568156
5 26 232.44139046219803
26 5 232.44139046219803
5 27 297.20026917888214
27 5 297.20026917888214
5 28 415.48044478651457
28 5 415.48044478651457
5 29 516.5771965543969
29 5 516.5771965543969
5 30 541.5607075850315
30 5 541.5607075850315
5 31 680.5203891140956
31 5 680.5203891140956
5 32 562.1076409372141
32 5 562.1076409372141
5 33 466.5415308415747
33 5 466.5415308415747
5 34 388.329756778952
34 5 388.329756778952
5 35 454.56902666151814
35 5 454.56902666151814
5 36 388.20741878537046
36 5 388.20741878537046
5 37 412.20019408049774
37 5 412.20019408049774
5 38 496.6145386514575
38 5 496.6145386514575
5 39 605.528694613228
39 5 605.528694613228
5 40 133.18032887780387
40 5 133.18032887780387
5 41 149.4958193395387
41 5 149.4958193395387
5 42 946.0412253173748
42 5 946.0412253173748
5 43 1156.0817445146342
43 5 1156.0817445146342
5 44 1140.9469751044523
44 5 1140.9469751044523
5 45 782.8978221964857
45 5 782.8978221964857
5 46 782.1924315665551
46 5 782.1924315665551
5 47 1099.851808199632
47 5 1099.851808199632
5 48 1038.5282856042006
48 5 1038.5282856042006
5 49 948.8545726295469
49 5 948.8545726295469
5 50 1027.7840240050436
50 5 1027.7840240050436
5 51 822.2943511906184
51 5 822.2943511906184
5 52 728.6075761340943
52 5 728.6075761340943
5 53 675.8113642134172
53 5 675.8113642134172
5 54 678.3568382496045
54 5 678.3568382496045
