customer location distance
1 2 29.017236257093817
2 1 29.017236257093817
1 3 67.67569726275453
3 1 67.67569726275453
1 4 41.10960958218893
4 1 41.10960958218893
1 5 46.486557196677836
5 1 46.486557196677836
1 6 76.15773105863909
6 1 76.15773105863909
1 7 56.71860364994893
7 1 56.71860364994893
1 8 63.50590523722971
8 1 63.50590523722971
1 9 30.805843601498726
9 1 30.805843601498726
1 10 63.198101237299845
10 1 63.198101237299845
1 11 62.64982043070834
11 1 62.64982043070834
1 12 8.54400374531753
12 1 8.54400374531753
1 13 8.0
13 1 8.0
1 14 17.46424919657298
14 1 17.46424919657298
1 15 33.301651610693426
15 1 33.301651610693426
1 16 46.84015371452148
16 1 46.84015371452148
1 17 63.694583757176716
17 1 63.694583757176716
1 18 39.395431207184416
18 1 39.395431207184416
1 19 61.5223536610881
19 1 61.5223536610881
1 20 40.8166632639171
20 1 40.8166632639171
1 21 31.016124838541646
21 1 31.016124838541646
1 22 37.16180835212409
22 1 37.16180835212409
1 23 60.83584469702052
23 1 60.83584469702052
1 24 18.867962264113206
24 1 18.867962264113206
1 25 66.03029607687671
25 1 66.03029607687671
1 26 34.0
26 1 34.0
1 27 50.48762224545735
27 1 50.48762224545735
1 28 24.041630560342615
28 1 24.041630560342615
1 29 13.601470508735444
29 1 13.601470508735444
1 30 19.026297590440446
30 1 19.026297590440446
1 31 16.401219466856727
31 1 16.401219466856727
1 32 71.19691004531025
32 1 71.19691004531025
1 33 60.40695324215582
33 1 60.40695324215582
1 34 49.64876634922564
34 1 49.64876634922564
1 35 54.12947441089743
35 1 54.12947441089743
1 36 37.53664875824692
36 1 37.53664875824692
1 37 60.8276253029822
37 1 60.8276253029822
1 38 35.35533905932738
38 1 35.35533905932738
1 39 44.41846462902562
39 1 44.41846462902562
1 40 58.25804665451803
40 1 58.25804665451803
1 41 25.079872407968907
41 1 25.079872407968907
1 42 46.010868281309364
42 1 46.010868281309364
1 43 52.478567053607705
43 1 52.478567053607705
1 44 21.02379604162864
44 1 21.02379604162864
1 45 34.66987164671943
45 1 34.66987164671943
1 46 14.7648230602334
46 1 14.7648230602334
1 47 35.84689665786984
47 1 35.84689665786984
1 48 66.48308055437865
48 1 66.48308055437865
1 49 4.47213595499958
49 1 4.47213595499958
1 50 27.85677655436824
50 1 27.85677655436824
2 3 82.61961026293939
3 2 82.61961026293939
2 4 17.204650534085253
4 2 17.204650534085253
2 5 62.93647591023825
5 2 62.93647591023825
2 6 67.60177512462228
6 2 67.60177512462228
2 7 68.5054742338158
7 2 68.5054742338158
2 8 81.32035415564789
8 2 81.32035415564789
2 9 38.01315561749642
9 2 38.01315561749642
2 10 72.47068372797375
10 2 72.47068372797375
2 11 40.45985664828782
11 2 40.45985664828782
2 12 21.37755832643195
12 2 21.37755832643195
2 13 21.02379604162864
13 2 21.02379604162864
2 14 13.0
14 2 13.0
2 15 21.37755832643195
15 2 21.37755832643195
2 16 20.0
16 2 20.0
2 17 39.05124837953327
17 2 39.05124837953327
2 18 18.384776310850235
18 2 18.384776310850235
2 19 65.45991139621256
19 2 65.45991139621256
2 20 20.8806130178211
20 2 20.8806130178211
2 21 2.8284271247461903
21 2 2.8284271247461903
2 22 14.866068747318506
22 2 14.866068747318506
2 23 37.48332962798263
23 2 37.48332962798263
2 24 17.029386365926403
24 2 17.029386365926403
2 25 46.32493928760188
25 2 46.32493928760188
2 26 17.029386365926403
26 2 17.029386365926403
2 27 21.840329667841555
27 2 21.840329667841555
2 28 43.266615305567875
28 2 43.266615305567875
2 29 42.1070065428546
29 2 42.1070065428546
2 30 36.05551275463989
30 2 36.05551275463989
2 31 43.41658669218482
31 2 43.41658669218482
2 32 48.83646178829912
32 2 48.83646178829912
2 33 32.01562118716424
33 2 32.01562118716424
2 34 21.93171219946131
34 2 21.93171219946131
2 35 29.732137494637012
35 2 29.732137494637012
2 36 62.64982043070834
36 2 62.64982043070834
2 37 55.00909015790027
37 2 55.00909015790027
2 38 18.110770276274835
38 2 18.110770276274835
2 39 65.0
39 2 65.0
2 40 41.23105625617661
40 2 41.23105625617661
2 41 30.610455730027933
41 2 30.610455730027933
2 42 54.70831746635972
42 2 54.70831746635972
2 43 46.04345773288535
43 2 46.04345773288535
2 44 8.246211251235321
44 2 8.246211251235321
2 45 31.622776601683793
45 2 31.622776601683793
2 46 17.88854381999832
46 2 17.88854381999832
2 47 13.601470508735444
47 2 13.601470508735444
2 48 40.22437072223753
48 2 40.22437072223753
2 49 33.015148038438355
49 2 33.015148038438355
2 50 56.089214649520635
50 2 56.089214649520635
3 4 79.51100552753688
4 3 79.51100552753688
3 5 21.18962010041709
5 3 21.18962010041709
3 6 60.03332407921454
6 3 60.03332407921454
3 7 15.264337522473747
7 3 15.264337522473747
3 8 9.219544457292887
8 3 9.219544457292887
3 9 44.68780594300866
9 3 44.68780594300866
3 10 17.029386365926403
10 3 17.029386365926403
3 11 84.17244204607586
11 3 84.17244204607586
3 12 67.97793759742936
12 3 67.97793759742936
3 13 70.68238818828917
13 3 70.68238818828917
3 14 71.56116265125938
14 3 71.56116265125938
3 15 98.00510190801293
15 3 98.00510190801293
3 16 102.06860437960343
16 3 102.06860437960343
3 17 90.33825324855468
17 3 90.33825324855468
3 18 75.28612089887484
18 3 75.28612089887484
3 19 30.14962686336267
19 3 30.14962686336267
3 20 102.34256201600583
20 3 102.34256201600583
3 21 82.3286098510111
21 3 82.3286098510111
3 22 96.83491106000976
22 3 96.83491106000976
3 23 85.86617494683223
23 3 85.86617494683223
3 24 66.03029607687671
24 3 66.03029607687671
3 25 80.32434251209281
25 3 80.32434251209281
3 26 70.76722405181653
26 3 70.76722405181653
3 27 101.11874208078342
27 3 101.11874208078342
3 28 43.657759905886145
28 3 43.657759905886145
3 29 68.59300255857006
29 3 68.59300255857006
3 30 49.658836071740545
30 3 49.658836071740545
3 31 54.74486277268398
31 3 54.74486277268398
3 32 88.86506625215557
32 3 88.86506625215557
3 33 99.86490875177326
33 3 99.86490875177326
3 34 90.4267659490264
34 3 90.4267659490264
3 35 112.29425630903836
35 3 112.29425630903836
3 36 39.45883931389772
36 3 39.45883931389772
3 37 50.99019513592785
37 3 50.99019513592785
3 38 70.83784299369935
38 3 70.83784299369935
3 39 26.019223662515376
39 3 26.019223662515376
3 40 72.2357252334328
40 3 72.2357252334328
3 41 52.009614495783374
41 3 52.009614495783374
3 42 29.206163733020468
42 3 29.206163733020468
3 43 52.55473337388365
43 3 52.55473337388365
3 44 76.27581530209953
44 3 76.27581530209953
3 45 53.907327887774215
45 3 53.907327887774215
3 46 66.88796603276258
46 3 66.88796603276258
3 47 95.44108130150245
47 3 95.44108130150245
3 48 121.6552506059644
48 3 121.6552506059644
3 49 68.41052550594829
49 3 68.41052550594829
3 50 54.147945482723536
50 3 54.147945482723536
4 5 62.26556030423239
5 4 62.26556030423239
4 6 53.009433122794285
6 4 53.009433122794285
4 7 64.4437739428721
7 4 64.4437739428721
4 8 80.15609770940699
8 4 80.15609770940699
4 9 36.235341863986875
9 4 36.235341863986875
4 10 66.60330322138685
10 4 66.60330322138685
4 11 23.345235059857504
11 4 23.345235059857504
4 12 32.57299494980466
12 4 32.57299494980466
4 13 33.61547262794322
13 4 33.61547262794322
4 14 23.769728648009426
14 4 23.769728648009426
4 15 37.69615364994153
15 4 37.69615364994153
4 16 26.68332812825267
16 4 26.68332812825267
4 17 22.825424421026653
17 4 22.825424421026653
4 18 4.242640687119285
18 4 4.242640687119285
4 19 57.14017850864661
19 4 57.14017850864661
4 20 34.23448553724738
20 4 34.23448553724738
4 21 14.422205101855956
21 4 14.422205101855956
4 22 28.442925306655784
22 4 28.442925306655784
4 23 20.615528128088304
23 4 20.615528128088304
4 24 23.194827009486403
24 4 23.194827009486403
4 25 29.154759474226502
25 4 29.154759474226502
4 26 9.486832980505138
26 4 9.486832980505138
4 27 22.825424421026653
27 4 22.825424421026653
4 28 47.07440918375928
28 4 47.07440918375928
4 29 54.70831746635972
29 4 54.70831746635972
4 30 40.44749683231337
30 4 40.44749683231337
4 31 52.08646657242167
31 4 52.08646657242167
4 32 31.827660925679098
32 4 31.827660925679098
4 33 21.840329667841555
33 4 21.840329667841555
4 34 11.180339887498949
34 4 11.180339887498949
4 35 37.36308338453881
35 4 37.36308338453881
4 36 68.06614430096654
36 4 68.06614430096654
4 37 42.44997055358225
37 4 42.44997055358225
4 38 8.94427190999916
38 4 8.94427190999916
4 39 66.85057965343307
39 4 66.85057965343307
4 40 24.73863375370596
40 4 24.73863375370596
4 41 30.675723300355934
41 4 30.675723300355934
4 42 50.32891812864648
42 4 50.32891812864648
4 43 34.17601498127012
43 4 34.17601498127012
4 44 21.633307652783937
44 4 21.633307652783937
4 45 25.612496949731394
45 4 25.612496949731394
4 46 26.68332812825267
46 4 26.68332812825267
4 47 27.65863337187866
47 4 27.65863337187866
4 48 43.56604182158393
48 4 43.56604182158393
4 49 45.5411901469428
49 4 45.5411901469428
4 50 65.06919393998976
50 4 65.06919393998976
5 6 57.38466694161429
6 5 57.38466694161429
5 7 13.416407864998739
7 5 13.416407864998739
5 8 18.384776310850235
8 5 18.384776310850235
5 9 26.076809620810597
9 5 26.076809620810597
5 10 21.470910553583888
10 5 21.470910553583888
5 11 71.386273190299
11 5 71.386273190299
5 12 47.01063709417264
12 5 47.01063709417264
5 13 49.64876634922564
13 5 49.64876634922564
5 14 51.22499389946279
14 5 51.22499389946279
5 15 77.17512552629896
15 5 77.17512552629896
5 16 82.75868534480233
16 5 82.75868534480233
5 17 76.6550715869472
17 5 76.6550715869472
5 18 58.180752831155424
18 5 58.180752831155424
5 19 28.600699292150182
19 5 28.600699292150182
5 20 82.00609733428362
20 5 82.00609733428362
5 21 62.96824596572466
21 5 62.96824596572466
5 22 76.69419795525604
22 5 76.69419795525604
5 23 72.27724399837061
23 5 72.27724399837061
5 24 46.010868281309364
24 5 46.010868281309364
5 25 69.26037828369117
25 5 69.26037828369117
5 26 53.0
26 5 53.0
5 27 82.61961026293939
27 5 82.61961026293939
5 28 22.47220505424423
28 5 22.47220505424423
5 29 48.041648597857254
29 5 48.041648597857254
5 30 28.653097563788805
30 5 28.653097563788805
5 31 34.058772731852805
31 5 34.058772731852805
5 32 77.52418977325722
32 5 77.52418977325722
5 33 83.6301381082203
33 5 83.6301381082203
5 34 73.43023900274328
34 5 73.43023900274328
5 35 92.65527507918802
35 5 92.65527507918802
5 36 23.021728866442675
36 5 23.021728866442675
5 37 44.14748010928823
37 5 44.14748010928823
5 38 53.33854141237835
38 5 53.33854141237835
5 39 10.0
39 5 10.0
5 40 60.40695324215582
40 5 60.40695324215582
5 41 32.64965543462902
41 5 32.64965543462902
5 42 16.1245154965971
42 5 16.1245154965971
5 43 42.01190307520001
43 5 42.01190307520001
5 44 56.08029957123981
44 5 56.08029957123981
5 45 37.16180835212409
45 5 37.16180835212409
5 46 46.400431032480725
46 5 46.400431032480725
5 47 75.28612089887484
47 5 75.28612089887484
5 48 102.7277956543408
48 5 102.7277956543408
5 49 47.29693436154187
49 5 47.29693436154187
5 50 35.73513677041127
50 5 35.73513677041127
6 7 48.05205510693585
7 6 48.05205510693585
6 8 66.61080993352356
8 6 66.61080993352356
6 9 47.50789408087881
9 6 47.50789408087881
6 10 43.104524124504614
10 6 43.104524124504614
6 11 39.81205847478876
11 6 39.81205847478876
6 12 69.77822009767804
12 6 69.77822009767804
6 13 72.49827584156743
13 6 72.49827584156743
6 14 65.45991139621256
14 6 65.45991139621256
6 15 88.95504482602435
15 6 88.95504482602435
6 16 79.30952023559341
16 6 79.30952023559341
6 17 46.95742752749558
17 6 46.95742752749558
6 18 50.039984012787215
18 6 50.039984012787215
6 19 30.4138126514911
19 6 30.4138126514911
6 20 87.05170877128145
20 6 87.05170877128145
6 21 65.37583651472461
21 6 65.37583651472461
6 22 81.09870529176159
22 6 81.09870529176159
6 23 43.46262762420146
23 6 43.46262762420146
6 24 60.166435825965294
24 6 60.166435825965294
6 25 32.2490309931942
25 6 32.2490309931942
6 26 50.635955604688654
26 6 50.635955604688654
6 27 73.97972695272672
27 6 73.97972695272672
6 28 62.24146527838174
28 6 62.24146527838174
6 29 86.6083136886985
29 6 86.6083136886985
6 30 61.07372593840988
30 6 61.07372593840988
6 31 75.7429864739964
31 6 75.7429864739964
6 32 39.20459156782532
32 6 39.20459156782532
6 33 62.96824596572466
33 6 62.96824596572466
6 34 59.033888572581766
34 6 59.033888572581766
6 35 89.67719888578144
35 6 89.67719888578144
6 36 77.69813382572325
36 6 77.69813382572325
6 37 15.620499351813308
37 6 15.620499351813308
6 38 49.49747468305833
38 6 49.49747468305833
6 39 67.11929677819934
39 6 67.11929677819934
6 40 29.832867780352597
40 6 29.832867780352597
6 41 51.31276644267
41 6 51.31276644267
6 42 42.05948168962618
42 6 42.05948168962618
6 43 23.706539182259394
43 6 23.706539182259394
6 44 67.1863081289633
44 6 67.1863081289633
6 45 41.593268686170845
45 6 41.593268686170845
6 46 64.07807737440318
46 6 64.07807737440318
6 47 80.15609770940699
47 6 80.15609770940699
6 48 93.14504817756014
48 6 93.14504817756014
6 49 79.92496481075234
49 6 79.92496481075234
6 50 85.0411665018772
50 6 85.0411665018772
7 8 19.026297590440446
8 7 19.026297590440446
7 9 30.528675044947494
9 7 30.528675044947494
7 10 8.06225774829855
10 7 8.06225774829855
7 11 69.07966415668217
11 7 69.07966415668217
7 12 55.65968020030299
12 7 55.65968020030299
7 13 58.52349955359813
13 7 58.52349955359813
7 14 58.137767414994535
14 7 58.137767414994535
7 15 85.0881895447306
15 7 85.0881895447306
7 16 87.6184911990614
16 7 87.6184911990614
7 17 75.15317691222374
17 7 75.15317691222374
7 18 60.207972893961475
18 7 60.207972893961475
7 19 17.72004514666935
19 7 17.72004514666935
7 20 88.68483523128404
20 7 88.68483523128404
7 21 68.00735254367721
21 7 68.00735254367721
7 22 83.00602387778854
22 7 83.00602387778854
7 23 70.68238818828917
23 7 70.68238818828917
7 24 52.354560450833695
24 7 52.354560450833695
7 25 65.52098900352466
25 7 65.52098900352466
7 26 55.86591089385369
26 7 55.86591089385369
7 27 86.31338250816034
27 7 86.31338250816034
7 28 33.06055050963308
28 7 33.06055050963308
7 29 60.13318551349163
29 7 60.13318551349163
7 30 37.8549864614954
30 7 37.8549864614954
7 31 46.17358552246078
31 7 46.17358552246078
7 32 74.04052944165107
32 7 74.04052944165107
7 33 84.62860036654276
33 7 84.62860036654276
7 34 75.28612089887484
34 7 75.28612089887484
7 35 98.00510190801293
35 7 98.00510190801293
7 36 36.359317925395686
36 7 36.359317925395686
7 37 37.05401462729781
37 7 37.05401462729781
7 38 55.86591089385369
38 7 55.86591089385369
7 39 22.80350850198276
39 7 22.80350850198276
7 40 57.245087125446844
40 7 57.245087125446844
7 41 38.07886552931954
41 7 38.07886552931954
7 42 14.142135623730951
42 7 14.142135623730951
7 43 37.64306044943742
43 7 37.64306044943742
7 44 62.64982043070834
44 7 62.64982043070834
7 45 38.897300677553446
45 7 38.897300677553446
7 46 53.71219600798314
46 7 53.71219600798314
7 47 81.6333265278342
47 7 81.6333265278342
7 48 106.96261028976434
48 7 106.96261028976434
7 49 58.215118311311535
49 7 58.215118311311535
7 50 49.040799340956916
50 7 49.040799340956916
8 9 44.204072210600685
9 8 44.204072210600685
8 10 23.769728648009426
10 8 23.769728648009426
8 11 87.28115489611719
11 8 87.28115489611719
8 12 64.89992295835181
12 8 64.89992295835181
8 13 67.4166151627327
13 8 67.4166151627327
8 14 69.52697318307479
14 8 69.52697318307479
8 15 95.13148795220224
15 8 95.13148795220224
8 16 101.13851887386922
16 8 101.13851887386922
8 17 93.04837451562494
17 8 93.04837451562494
8 18 76.00657866263946
18 8 76.00657866263946
8 19 36.22154055254967
19 8 36.22154055254967
8 20 100.26464980241042
20 8 100.26464980241042
8 21 81.34494452638098
21 8 81.34494452638098
8 22 95.01578816175763
22 8 95.01578816175763
8 23 88.60022573334675
23 8 88.60022573334675
8 24 64.38167441127949
24 8 64.38167441127949
8 25 84.17244204607586
25 8 84.17244204607586
8 26 71.02816342831905
26 8 71.02816342831905
8 27 100.89598604503551
27 8 100.89598604503551
8 28 39.96248240537617
28 8 39.96248240537617
8 29 62.81719509815764
29 8 62.81719509815764
8 30 46.61544808322666
30 8 46.61544808322666
8 31 49.33558553417604
31 8 49.33558553417604
8 32 92.64987857520376
32 8 92.64987857520376
8 33 101.21264743103995
33 8 101.21264743103995
8 34 91.26883367283708
34 8 91.26883367283708
8 35 111.03603018840326
35 8 111.03603018840326
8 36 32.0
36 8 32.0
8 37 56.08029957123981
37 8 56.08029957123981
8 38 71.28113354878694
38 8 71.28113354878694
8 39 19.6468827043885
39 8 19.6468827043885
8 40 75.69015788066504
40 8 75.69015788066504
8 41 50.99019513592785
41 8 50.99019513592785
8 42 31.016124838541646
42 8 31.016124838541646
8 43 56.293871780150276
43 8 56.293871780150276
8 44 74.41102068914255
44 8 74.41102068914255
8 45 54.70831746635972
45 8 54.70831746635972
8 46 64.66065264130884
46 8 64.66065264130884
8 47 93.60555539069249
47 8 93.60555539069249
8 48 121.0826164236634
48 8 121.0826164236634
8 49 63.694583757176716
49 8 63.694583757176716
8 50 47.042533945356304
50 8 47.042533945356304
9 10 35.11409973215888
10 9 35.11409973215888
9 11 48.0
11 9 48.0
9 12 27.018512172212592
12 9 27.018512172212592
9 13 30.01666203960727
13 9 30.01666203960727
9 14 27.85677655436824
14 9 27.85677655436824
9 15 55.02726596879042
15 9 55.02726596879042
9 16 57.38466694161429
16 9 57.38466694161429
9 17 52.3450093132096
17 9 52.3450093132096
9 18 32.202484376209235
18 9 32.202484376209235
9 19 31.016124838541646
19 9 31.016124838541646
9 20 58.180752831155424
20 9 58.180752831155424
9 21 37.64306044943742
21 9 37.64306044943742
9 22 52.478567053607705
22 9 52.478567053607705
9 23 48.16637831516918
23 9 48.16637831516918
9 24 21.93171219946131
24 9 21.93171219946131
9 25 47.67598976424087
25 9 47.67598976424087
9 26 26.92582403567252
26 9 26.92582403567252
9 27 56.72741841473134
27 9 56.72741841473134
9 28 15.652475842498529
28 9 15.652475842498529
9 29 39.44616584663204
29 9 39.44616584663204
9 30 13.601470508735444
30 9 13.601470508735444
9 31 28.284271247461902
31 9 28.284271247461902
9 32 55.226805085936306
32 9 55.226805085936306
9 33 57.77542730261716
33 9 57.77542730261716
9 34 47.41307836451879
34 9 47.41307836451879
9 35 67.62396025078685
35 9 67.62396025078685
9 36 35.35533905932738
36 9 35.35533905932738
9 37 31.89043743820395
37 9 31.89043743820395
9 38 27.294688127912362
38 9 27.294688127912362
9 39 31.04834939252005
39 9 31.04834939252005
9 40 38.63935817272331
40 9 38.63935817272331
9 41 7.615773105863909
41 9 7.615773105863909
9 42 17.08800749063506
42 9 17.08800749063506
9 43 25.0
43 9 25.0
9 44 32.202484376209235
44 9 32.202484376209235
9 45 12.041594578792296
45 9 12.041594578792296
9 46 23.769728648009426
46 9 23.769728648009426
9 47 51.10772935672255
47 9 51.10772935672255
9 48 77.07788269017254
48 9 77.07788269017254
9 49 33.83784863137726
49 9 33.83784863137726
9 50 38.58756276314948
50 9 38.58756276314948
10 11 68.47627326307996
11 10 68.47627326307996
10 12 61.39218191268331
12 10 61.39218191268331
10 13 64.32728814430156
13 10 64.32728814430156
10 14 62.96824596572466
14 10 62.96824596572466
10 15 90.13878188659973
15 10 90.13878188659973
10 16 90.97252332435328
16 10 90.97252332435328
10 17 74.94664769020693
17 10 74.94664769020693
10 18 62.369864518050704
18 10 62.369864518050704
10 19 13.152946437965905
19 10 13.152946437965905
10 20 93.03762679690406
20 10 93.03762679690406
10 21 71.69379331573968
21 10 71.69379331573968
10 22 87.20665112249179
22 10 87.20665112249179
10 23 70.49113419430843
23 10 70.49113419430843
10 24 57.0087712549569
24 10 57.0087712549569
10 25 64.07807737440318
25 10 64.07807737440318
10 26 58.60034129593445
26 10 58.60034129593445
10 27 89.02246907382428
27 10 89.02246907382428
10 28 40.049968789001575
28 10 40.049968789001575
10 29 67.47592163134935
29 10 67.47592163134935
10 30 44.181444068749045
30 10 44.181444068749045
10 31 53.600373133029585
31 10 53.600373133029585
10 32 72.61542535852834
32 10 72.61542535852834
10 33 85.7962703152066
33 10 85.7962703152066
10 34 77.07788269017254
34 10 77.07788269017254
10 35 101.54801819828883
35 10 101.54801819828883
10 36 44.41846462902562
36 10 44.41846462902562
10 37 34.20526275297414
37 10 34.20526275297414
10 38 58.412327466040935
38 10 58.412327466040935
10 39 30.805843601498726
39 10 30.805843601498726
10 40 56.356011214421486
40 10 56.356011214421486
10 41 42.720018726587654
41 10 42.720018726587654
10 42 18.027756377319946
42 10 18.027756377319946
10 43 36.71511950137164
43 10 36.71511950137164
10 44 67.23094525588644
44 10 67.23094525588644
10 45 41.617304093369626
45 10 41.617304093369626
10 46 58.82176467941097
46 10 58.82176467941097
10 47 85.86617494683223
47 10 85.86617494683223
10 48 109.80892495603443
48 10 109.80892495603443
10 49 65.00769185258002
49 10 65.00769185258002
10 50 57.0087712549569
50 10 57.0087712549569
11 12 54.20332093147061
12 11 54.20332093147061
11 13 55.758407437802596
13 11 55.758407437802596
11 14 46.04345773288535
14 11 46.04345773288535
11 15 60.03332407921454
15 11 60.03332407921454
11 16 44.14748010928823
16 11 44.14748010928823
11 17 7.211102550927978
17 11 7.211102550927978
11 18 23.600847442411894
18 11 23.600847442411894
11 19 56.302753041036986
19 11 56.302753041036986
11 20 54.78138369920935
20 11 54.78138369920935
11 21 37.64306044943742
21 11 37.64306044943742
11 22 49.658836071740545
22 11 49.658836071740545
11 23 4.0
23 11 4.0
11 24 43.829214001622255
24 11 43.829214001622255
11 25 8.06225774829855
25 11 8.06225774829855
11 26 28.653097563788805
26 11 28.653097563788805
11 27 37.33630940518894
27 11 37.33630940518894
11 28 62.39390995922599
28 11 62.39390995922599
11 29 76.02631123499285
29 11 76.02631123499285
11 30 57.0701322935211
30 11 57.0701322935211
11 31 70.8801805866774
31 11 70.8801805866774
11 32 8.602325267042627
32 11 8.602325267042627
11 33 23.53720459187964
33 11 23.53720459187964
11 34 22.80350850198276
34 11 22.80350850198276
11 35 53.33854141237835
35 11 53.33854141237835
11 36 83.15046602394962
36 11 83.15046602394962
11 37 36.124783736376884
37 11 36.124783736376884
11 38 27.294688127912362
38 11 27.294688127912362
11 39 78.40918313565064
39 11 78.40918313565064
11 40 12.206555615733702
40 11 12.206555615733702
11 41 45.5411901469428
41 11 45.5411901469428
11 42 56.32051136131489
42 11 56.32051136131489
11 43 31.76476034853718
43 11 31.76476034853718
11 44 44.68780594300866
44 11 44.68780594300866
11 45 36.013886210738214
45 11 36.013886210738214
11 46 47.885279575251516
46 11 47.885279575251516
11 47 49.193495504995376
47 11 49.193495504995376
11 48 54.45181356024793
48 11 54.45181356024793
11 49 67.11929677819934
49 11 67.11929677819934
11 50 83.43260753446461
50 11 83.43260753446461
12 13 3.0
13 12 3.0
12 14 9.055385138137417
14 12 9.055385138137417
12 15 30.23243291566195
15 12 30.23243291566195
12 16 40.311288741492746
16 12 40.311288741492746
12 17 55.154328932550705
17 12 55.154328932550705
12 18 30.870698080866262
18 12 30.870698080866262
12 19 58.0
19 12 58.0
12 20 36.124783736376884
20 12 36.124783736376884
12 21 23.08679276123039
21 12 23.08679276123039
12 22 31.622776601683793
22 12 31.622776601683793
12 23 52.32590180780452
23 12 52.32590180780452
12 24 10.63014581273465
24 12 10.63014581273465
12 25 57.8013840664737
25 12 57.8013840664737
12 26 25.553864678361276
26 12 25.553864678361276
12 27 43.174066289845804
27 12 43.174066289845804
12 28 25.0
28 12 25.0
12 29 22.135943621178654
29 12 22.135943621178654
12 30 18.35755975068582
30 12 18.35755975068582
12 31 22.135943621178654
31 12 22.135943621178654
12 32 62.76941930590086
32 12 62.76941930590086
12 33 52.15361924162119
33 12 52.15361924162119
12 34 41.30375285612676
34 12 41.30375285612676
12 35 48.54894437575342
35 12 48.54894437575342
12 36 42.190046219457976
36 12 42.190046219457976
12 37 54.78138369920935
37 12 54.78138369920935
12 38 26.92582403567252
38 12 26.92582403567252
12 39 46.75467891024384
39 12 46.75467891024384
12 40 50.24937810560445
40 12 50.24937810560445
12 41 20.09975124224178
41 12 20.09975124224178
12 42 43.56604182158393
42 12 43.56604182158393
12 43 46.09772228646444
43 12 46.09772228646444
12 44 13.152946437965905
44 12 13.152946437965905
12 45 28.231188426986208
45 12 28.231188426986208
12 46 6.4031242374328485
46 12 6.4031242374328485
12 47 30.23243291566195
47 12 30.23243291566195
12 48 60.37383539249432
48 12 60.37383539249432
12 49 13.0
49 12 13.0
12 50 34.713109915419565
50 12 34.713109915419565
13 14 9.848857801796104
14 13 9.848857801796104
13 15 27.80287754891569
15 13 27.80287754891569
13 16 39.21734310225516
16 13 39.21734310225516
13 17 56.36488268416781
17 13 56.36488268416781
13 18 32.2490309931942
18 13 32.2490309931942
13 19 61.0
19 13 61.0
13 20 34.20526275297414
20 13 34.20526275297414
13 21 23.021728866442675
21 13 23.021728866442675
13 22 30.01666203960727
22 13 30.01666203960727
13 23 53.71219600798314
23 13 53.71219600798314
13 24 12.806248474865697
24 13 12.806248474865697
13 25 59.665735560705194
25 13 59.665735560705194
13 26 27.202941017470888
26 13 27.202941017470888
13 27 42.579337712087536
27 13 42.579337712087536
13 28 27.459060435491963
28 13 27.459060435491963
13 29 21.37755832643195
29 13 21.37755832643195
13 30 21.02379604162864
30 13 21.02379604162864
13 31 23.259406699226016
31 13 23.259406699226016
13 32 64.35060217278468
32 13 64.35060217278468
13 33 52.46903848937962
33 13 52.46903848937962
13 34 41.773197148410844
34 13 41.773197148410844
13 35 47.01063709417264
35 13 47.01063709417264
13 36 43.829214001622255
36 13 43.829214001622255
13 37 57.584720195551874
37 13 57.584720195551874
13 38 28.600699292150182
38 13 28.600699292150182
13 39 49.040799340956916
39 13 49.040799340956916
13 40 52.32590180780452
40 13 52.32590180780452
13 41 23.08679276123039
41 13 23.08679276123039
13 42 46.52956049652737
42 13 46.52956049652737
13 43 48.84669896727925
43 13 48.84669896727925
13 44 13.038404810405298
44 13 13.038404810405298
13 45 31.016124838541646
45 13 31.016124838541646
13 46 8.602325267042627
46 13 8.602325267042627
13 47 28.653097563788805
47 13 28.653097563788805
13 48 59.09314681077663
48 13 59.09314681077663
13 49 12.165525060596439
49 13 12.165525060596439
13 50 35.4400902933387
50 13 35.4400902933387
14 15 27.202941017470888
15 14 27.202941017470888
14 16 32.7566787083184
16 14 32.7566787083184
14 17 46.51881339845203
17 14 46.51881339845203
14 18 22.47220505424423
18 14 22.47220505424423
14 19 57.706152185014034
19 14 57.706152185014034
14 20 30.805843601498726
20 14 30.805843601498726
14 21 14.317821063276353
21 14 14.317821063276353
14 22 25.495097567963924
22 14 25.495097567963924
14 23 43.9089968002003
23 14 43.9089968002003
14 24 6.082762530298219
24 14 6.082762530298219
14 25 50.24937810560445
25 14 50.24937810560445
14 26 17.69180601295413
26 14 17.69180601295413
14 27 34.785054261852174
27 14 34.785054261852174
14 28 30.610455730027933
28 14 30.610455730027933
14 29 31.04834939252005
29 14 31.04834939252005
14 30 23.430749027719962
30 14 23.430749027719962
14 31 30.59411708155671
31 14 30.59411708155671
14 32 54.644304369257
32 14 54.644304369257
14 33 43.104524124504614
33 14 43.104524124504614
14 34 32.2490309931942
34 14 32.2490309931942
14 35 41.86884283091664
35 14 41.86884283091664
14 36 49.658836071740545
36 14 49.658836071740545
14 37 51.19570294468082
37 14 51.19570294468082
14 38 19.1049731745428
38 14 19.1049731745428
14 39 52.49761899362675
39 14 52.49761899362675
14 40 43.278170016764804
40 14 43.278170016764804
14 41 20.248456731316587
41 14 20.248456731316587
14 42 44.94441010848846
42 14 44.94441010848846
14 43 42.20189569201838
43 14 42.20189569201838
14 44 5.0
44 14 5.0
14 45 25.079872407968907
45 14 25.079872407968907
14 46 5.0
46 14 5.0
14 47 24.08318915758459
47 14 24.08318915758459
14 48 53.0
48 14 53.0
14 49 21.840329667841555
49 14 21.840329667841555
14 50 43.41658669218482
50 14 43.41658669218482
15 16 21.93171219946131
16 15 21.93171219946131
15 17 57.201398584300364
17 15 57.201398584300364
15 18 39.56008088970496
18 15 39.56008088970496
15 19 84.72307831990054
19 15 84.72307831990054
15 20 10.04987562112089
20 15 10.04987562112089
15 21 23.769728648009426
21 15 23.769728648009426
15 22 11.40175425099138
22 15 11.40175425099138
15 23 56.60388679233962
23 15 56.60388679233962
15 24 33.24154027718932
24 15 33.24154027718932
15 25 66.64082832618455
25 15 66.64082832618455
15 26 38.3275357934736
26 15 38.3275357934736
15 27 29.154759474226502
27 15 29.154759474226502
15 28 55.21775076911409
28 15 55.21775076911409
15 29 42.04759208325728
29 15 42.04759208325728
15 30 48.54894437575342
30 15 48.54894437575342
15 31 49.678969393496885
31 15 49.678969393496885
15 32 67.95586803212802
32 15 67.95586803212802
15 33 45.45327270945405
33 15 45.45327270945405
15 34 38.41874542459709
34 15 38.41874542459709
15 35 24.020824298928627
35 15 24.020824298928627
15 36 70.83784299369935
36 15 70.83784299369935
15 37 76.05918747922567
37 15 76.05918747922567
15 38 39.45883931389772
38 15 39.45883931389772
15 39 76.83749084919418
39 15 76.83749084919418
15 40 62.297672508690084
40 15 62.297672508690084
15 41 47.43416490252569
41 15 47.43416490252569
15 42 72.11102550927978
42 15 72.11102550927978
15 43 67.02984409947557
43 15 67.02984409947557
15 44 23.345235059857504
44 15 23.345235059857504
15 45 51.35172830587107
45 15 51.35172830587107
15 46 31.38470965295043
46 15 31.38470965295043
15 47 11.313708498984761
47 15 11.313708498984761
15 48 37.05401462729781
48 15 37.05401462729781
15 49 35.22782990761707
49 15 35.22782990761707
15 50 60.207972893961475
50 15 60.207972893961475
16 17 39.56008088970496
17 16 39.56008088970496
16 18 30.364452901377952
18 16 30.364452901377952
16 19 82.73451516749222
19 16 82.73451516749222
16 20 12.806248474865697
20 16 12.806248474865697
16 21 19.79898987322333
21 16 19.79898987322333
16 22 11.180339887498949
22 16 11.180339887498949
16 23 40.26164427839479
23 16 40.26164427839479
16 24 37.013511046643494
24 16 37.013511046643494
16 25 51.78802950489621
25 16 51.78802950489621
16 26 32.64965543462902
26 16 32.64965543462902
16 27 7.810249675906654
27 16 7.810249675906654
16 28 63.245553203367585
28 16 63.245553203367585
16 29 58.69412236331676
29 16 58.69412236331676
16 30 56.0357029044876
30 16 56.0357029044876
16 31 62.39390995922599
31 16 62.39390995922599
16 32 50.92150822589606
32 16 50.92150822589606
16 33 25.0
33 16 25.0
16 34 21.37755832643195
34 16 21.37755832643195
16 35 10.770329614269007
35 16 10.770329614269007
16 36 82.29823813423954
36 16 82.29823813423954
16 37 69.12307863514182
37 16 69.12307863514182
16 38 33.1058907144937
38 16 33.1058907144937
16 39 85.0
39 16 85.0
16 40 50.0
40 16 50.0
16 41 50.20956084253277
41 16 50.20956084253277
16 42 73.60027173862879
42 16 73.60027173862879
16 43 60.728905802755904
43 16 60.728905802755904
16 44 27.784887978899608
44 16 27.784887978899608
16 45 49.39635614091387
45 16 49.39635614091387
16 46 37.73592452822641
46 16 37.73592452822641
16 47 12.041594578792296
47 16 12.041594578792296
16 48 20.248456731316587
48 16 20.248456731316587
16 49 50.21951811795888
49 16 50.21951811795888
16 50 74.63243262818116
50 16 74.63243262818116
17 18 24.351591323771842
18 17 24.351591323771842
17 19 63.00793600809346
19 17 63.00793600809346
17 20 51.0
20 17 51.0
17 21 36.235341863986875
21 17 36.235341863986875
17 22 46.32493928760188
22 17 46.32493928760188
17 23 4.47213595499958
23 17 4.47213595499958
17 24 45.221676218380054
24 17 45.221676218380054
17 25 14.866068747318506
25 17 14.866068747318506
17 26 30.083217912982647
26 17 30.083217912982647
17 27 32.28002478313795
27 17 32.28002478313795
17 28 66.007575322837
28 17 66.007575322837
17 29 77.25283166331187
29 17 77.25283166331187
17 30 60.207972893961475
30 17 60.207972893961475
17 31 73.348483283569
31 17 73.348483283569
17 32 11.40175425099138
32 17 11.40175425099138
17 33 17.029386365926403
33 17 17.029386365926403
17 34 18.867962264113206
34 17 18.867962264113206
17 35 48.05205510693585
35 17 48.05205510693585
17 36 87.00574693662483
36 17 87.00574693662483
17 37 43.139309220245984
37 17 43.139309220245984
17 38 28.861739379323623
38 17 28.861739379323623
17 39 83.18653737234169
39 17 83.18653737234169
17 40 19.1049731745428
40 17 19.1049731745428
17 41 49.01020301937138
41 17 49.01020301937138
17 42 62.03224967708329
42 17 62.03224967708329
17 43 38.27531841800928
43 17 38.27531841800928
17 44 44.41846462902562
44 17 44.41846462902562
17 45 40.311288741492746
45 17 40.311288741492746
17 46 49.040799340956916
46 17 49.040799340956916
17 47 46.04345773288535
47 17 46.04345773288535
17 48 48.093658625644196
48 17 48.093658625644196
17 49 68.15423684555495
49 17 68.15423684555495
17 50 86.14522621712709
50 17 86.14522621712709
18 19 53.0
19 18 53.0
18 20 37.013511046643494
20 18 37.013511046643494
18 21 15.811388300841896
21 18 15.811388300841896
18 22 31.064449134018133
22 18 31.064449134018133
18 23 21.470910553583888
23 18 21.470910553583888
18 24 20.8806130178211
24 18 20.8806130178211
18 25 28.42534080710379
25 18 28.42534080710379
18 26 6.0
26 18 6.0
18 27 26.92582403567252
27 18 26.92582403567252
18 28 43.56604182158393
28 18 43.56604182158393
18 29 52.92447448959697
29 18 52.92447448959697
18 30 37.12142238654117
30 18 37.12142238654117
18 31 49.36598018878993
31 18 49.36598018878993
18 32 32.202484376209235
32 18 32.202484376209235
18 33 25.632011235952593
33 18 25.632011235952593
18 34 15.264337522473747
34 18 15.264337522473747
18 35 41.10960958218893
35 18 41.10960958218893
18 36 64.6297145282261
36 18 64.6297145282261
18 37 38.8329756778952
37 18 38.8329756778952
18 38 5.0990195135927845
38 18 5.0990195135927845
18 39 62.96824596572466
39 18 62.96824596572466
18 40 22.847319317591726
40 18 22.847319317591726
18 41 26.92582403567252
41 18 26.92582403567252
18 42 46.09772228646444
42 18 46.09772228646444
18 43 30.364452901377952
43 18 30.364452901377952
18 44 21.213203435596427
44 18 21.213203435596427
18 45 21.400934559032695
45 18 21.400934559032695
18 46 24.698178070456937
46 18 24.698178070456937
18 47 30.14962686336267
47 18 30.14962686336267
18 48 47.70744176750625
48 18 47.70744176750625
18 49 43.86342439892262
49 18 43.86342439892262
18 50 62.289646009589745
50 18 62.289646009589745
19 20 86.33075929238663
20 19 86.33075929238663
19 21 64.25729530566937
21 19 64.25729530566937
19 22 80.32434251209281
22 19 80.32434251209281
19 23 58.60034129593445
23 19 58.60034129593445
19 24 51.62363799656123
24 19 51.62363799656123
19 25 51.42956348249516
25 19 51.42956348249516
19 26 50.08991914547278
26 19 50.08991914547278
19 27 79.92496481075234
27 19 79.92496481075234
19 28 40.85339643163099
28 19 40.85339643163099
19 29 68.30812543175226
29 19 68.30812543175226
19 30 42.95346318982906
30 19 42.95346318982906
19 31 55.154328932550705
31 19 55.154328932550705
19 32 59.93329625508679
32 19 59.93329625508679
19 33 74.96665925596525
33 19 74.96665925596525
19 34 67.00746227100382
34 19 67.00746227100382
19 35 93.47192091746055
35 19 93.47192091746055
19 36 50.91168824543142
36 19 50.91168824543142
19 37 21.18962010041709
37 19 21.18962010041709
19 38 49.64876634922564
38 19 49.64876634922564
19 39 38.600518131237564
39 19 38.600518131237564
19 40 44.10215414239989
40 19 44.10215414239989
19 41 38.05259518088089
41 19 38.05259518088089
19 42 16.55294535724685
42 19 16.55294535724685
19 43 24.839484696748443
43 19 24.839484696748443
19 44 61.39218191268331
44 19 61.39218191268331
19 45 33.83784863137726
45 19 33.83784863137726
19 46 54.230987451824994
46 19 54.230987451824994
19 47 79.05694150420949
47 19 79.05694150420949
19 48 100.70253224224304
48 19 100.70253224224304
19 49 64.13267497929586
49 19 64.13267497929586
19 50 61.29437168288782
50 19 61.29437168288782
20 21 22.360679774997898
21 20 22.360679774997898
20 22 6.082762530298219
22 20 6.082762530298219
20 23 51.07837115648854
23 20 51.07837115648854
20 24 36.359317925395686
24 20 36.359317925395686
20 25 61.98386886924694
25 20 61.98386886924694
20 26 37.33630940518894
26 20 37.33630940518894
20 27 20.518284528683193
27 20 20.518284528683193
20 28 60.8276253029822
28 20 60.8276253029822
20 29 50.92150822589606
29 20 50.92150822589606
20 30 53.81449618829484
30 20 53.81449618829484
20 31 57.14017850864661
31 20 57.14017850864661
20 32 62.16912416947821
32 20 62.16912416947821
20 33 37.53664875824692
33 20 37.53664875824692
20 34 32.202484376209235
34 20 32.202484376209235
20 35 14.142135623730951
35 20 14.142135623730951
20 36 78.00640999302557
36 20 78.00640999302557
20 37 75.32595834106593
37 20 75.32595834106593
20 38 38.2099463490856
38 20 38.2099463490856
20 39 82.73451516749222
39 20 82.73451516749222
20 40 58.855755878248644
40 20 58.855755878248644
20 41 50.60632371551998
41 20 50.60632371551998
20 42 75.13321502504735
42 20 75.13321502504735
20 43 66.48308055437865
43 20 66.48308055437865
20 44 26.076809620810597
44 20 26.076809620810597
20 45 52.49761899362675
45 20 52.49761899362675
20 46 35.608987629529715
46 20 35.608987629529715
20 47 7.280109889280518
47 20 7.280109889280518
20 48 27.16615541441225
48 20 27.16615541441225
20 49 43.382023926967726
49 20 43.382023926967726
20 50 68.42514157822401
50 20 68.42514157822401
21 22 16.278820596099706
22 21 16.278820596099706
21 23 34.655446902326915
23 21 34.655446902326915
21 24 17.4928556845359
24 21 17.4928556845359
21 25 43.56604182158393
25 21 43.56604182158393
21 26 15.033296378372908
26 21 15.033296378372908
21 27 20.615528128088304
27 21 20.615528128088304
21 28 43.9089968002003
28 21 43.9089968002003
21 29 44.28317965096906
29 21 44.28317965096906
21 30 36.71511950137164
30 21 36.71511950137164
21 31 44.91102314577124
31 21 44.91102314577124
21 32 46.010868281309364
32 21 46.010868281309364
21 33 29.614185789921695
33 21 29.614185789921695
21 34 19.313207915827967
34 21 19.313207915827967
21 35 30.0
35 21 30.0
21 36 63.694583757176716
36 21 63.694583757176716
21 37 53.08483775994799
37 21 53.08483775994799
21 38 16.0
38 21 16.0
21 39 65.45991139621256
39 21 65.45991139621256
21 40 38.62641583165593
40 21 38.62641583165593
21 41 30.4138126514911
41 21 30.4138126514911
21 42 54.08326913195984
42 21 54.08326913195984
21 43 44.181444068749045
43 21 44.181444068749045
21 44 10.0
44 21 10.0
21 45 30.463092423455635
45 21 30.463092423455635
21 46 18.973665961010276
46 21 18.973665961010276
21 47 15.132745950421556
47 21 15.132745950421556
21 48 39.824615503479755
48 21 39.824615503479755
21 49 35.12833614050059
49 21 35.12833614050059
21 50 57.706152185014034
50 21 57.706152185014034
22 23 46.06517122512408
23 22 46.06517122512408
22 24 30.805843601498726
24 22 30.805843601498726
22 25 56.64803615307419
25 22 56.64803615307419
22 26 31.25699921617557
26 22 31.25699921617557
22 27 17.88854381999832
27 22 17.88854381999832
22 28 55.90169943749474
28 22 55.90169943749474
22 29 48.27007354458868
29 22 48.27007354458868
22 30 48.79549159502341
30 22 48.79549159502341
22 31 53.23532661682466
31 22 53.23532661682466
22 32 57.30619512757761
32 22 57.30619512757761
22 33 34.058772731852805
33 22 34.058772731852805
22 34 27.459060435491963
34 22 27.459060435491963
22 35 17.0
35 22 17.0
22 36 73.78346698278686
36 22 73.78346698278686
22 37 69.26037828369117
37 22 69.26037828369117
22 38 32.14031735997639
38 22 32.14031735997639
22 39 77.83315488916018
39 22 77.83315488916018
22 40 53.150729063673246
40 22 53.150729063673246
22 41 44.94441010848846
41 22 44.94441010848846
22 42 69.35416353759881
42 22 69.35416353759881
22 43 60.40695324215582
43 22 60.40695324215582
22 44 20.615528128088304
44 22 20.615528128088304
22 45 46.486557196677836
45 22 46.486557196677836
22 46 30.4138126514911
46 22 30.4138126514911
22 47 1.4142135623730951
47 22 1.4142135623730951
22 48 29.410882339705484
48 22 29.410882339705484
22 49 40.162171256046406
49 22 40.162171256046406
22 50 65.0
50 22 65.0
23 24 42.15447781671598
24 23 42.15447781671598
23 25 12.041594578792296
25 23 12.041594578792296
23 26 26.92582403567252
26 23 26.92582403567252
23 27 33.37663853655727
27 23 33.37663853655727
23 28 62.07253821135398
28 23 62.07253821135398
23 29 74.32361670424818
29 23 74.32361670424818
23 30 56.43580423808985
30 23 56.43580423808985
23 31 69.85699678629192
31 23 69.85699678629192
23 32 11.40175425099138
32 23 11.40175425099138
23 33 19.6468827043885
33 23 19.6468827043885
23 34 18.973665961010276
34 23 18.973665961010276
23 35 49.36598018878993
35 23 49.36598018878993
