customer location distance
1 2 22.47220505424423
2 1 22.47220505424423
1 3 28.0
3 1 28.0
1 4 94.76286192385707
4 1 94.76286192385707
1 5 39.35733730830886
5 1 39.35733730830886
1 6 21.470910553583888
6 1 21.470910553583888
1 7 51.62363799656123
7 1 51.62363799656123
1 8 57.77542730261716
8 1 57.77542730261716
1 9 5.656854249492381
9 1 5.656854249492381
1 10 36.796738985948195
10 1 36.796738985948195
1 11 56.32051136131489
11 1 56.32051136131489
1 12 21.470910553583888
12 1 21.470910553583888
1 13 5.0
13 1 5.0
1 14 89.1852005660132
14 1 89.1852005660132
1 15 31.953090617340916
15 1 31.953090617340916
1 16 61.71709649683789
16 1 61.71709649683789
1 17 27.294688127912362
17 1 27.294688127912362
1 18 17.46424919657298
18 1 17.46424919657298
1 19 54.08326913195984
19 1 54.08326913195984
1 20 70.68238818828917
20 1 70.68238818828917
1 21 24.020824298928627
21 1 24.020824298928627
1 22 83.93449827097318
22 1 83.93449827097318
1 23 41.0
23 1 41.0
1 24 41.048751503547585
24 1 41.048751503547585
1 25 46.0
25 1 46.0
1 26 55.54277630799526
26 1 55.54277630799526
1 27 80.02499609497022
27 1 80.02499609497022
1 28 61.0
28 1 61.0
1 29 67.35725647619564
29 1 67.35725647619564
1 30 48.27007354458868
30 1 48.27007354458868
1 31 92.02716990106781
31 1 92.02716990106781
1 32 83.93449827097318
32 1 83.93449827097318
1 33 51.03920062069938
33 1 51.03920062069938
1 34 16.0
34 1 16.0
1 35 26.076809620810597
35 1 26.076809620810597
1 36 66.2872536767062
36 1 66.2872536767062
1 37 29.5296461204668
37 1 29.5296461204668
1 38 4.47213595499958
38 1 4.47213595499958
1 39 37.05401462729781
39 1 37.05401462729781
1 40 30.805843601498726
40 1 30.805843601498726
1 41 86.68333173107735
41 1 86.68333173107735
1 42 48.08326112068523
42 1 48.08326112068523
1 43 98.40731680114035
43 1 98.40731680114035
1 44 79.17701686727027
44 1 79.17701686727027
1 45 52.20153254455275
45 1 52.20153254455275
1 46 57.30619512757761
46 1 57.30619512757761
1 47 43.93176527297759
47 1 43.93176527297759
1 48 88.45903006477066
48 1 88.45903006477066
1 49 29.832867780352597
49 1 29.832867780352597
1 50 33.83784863137726
50 1 33.83784863137726
1 51 97.83659846908007
51 1 97.83659846908007
1 52 69.63476143421474
52 1 69.63476143421474
1 53 38.27531841800928
53 1 38.27531841800928
1 54 104.23531071570709
54 1 104.23531071570709
1 55 39.56008088970496
55 1 39.56008088970496
1 56 58.240879114244144
56 1 58.240879114244144
1 57 23.853720883753127
57 1 23.853720883753127
1 58 40.792156108742276
58 1 40.792156108742276
1 59 57.07889277132134
59 1 57.07889277132134
1 60 28.0178514522438
60 1 28.0178514522438
1 61 28.0178514522438
61 1 28.0178514522438
1 62 55.47071299343465
62 1 55.47071299343465
1 63 30.59411708155671
63 1 30.59411708155671
1 64 77.00649323271382
64 1 77.00649323271382
1 65 65.96969000988257
65 1 65.96969000988257
1 66 50.08991914547278
66 1 50.08991914547278
1 67 60.108235708594876
67 1 60.108235708594876
1 68 27.459060435491963
68 1 27.459060435491963
1 69 84.50443775329198
69 1 84.50443775329198
1 70 30.59411708155671
70 1 30.59411708155671
1 71 32.69556544854363
71 1 32.69556544854363
1 72 29.427877939124322
72 1 29.427877939124322
1 73 32.802438933713454
73 1 32.802438933713454
1 74 88.20430828479978
74 1 88.20430828479978
1 75 92.44457799135652
75 1 92.44457799135652
1 76 27.51363298439521
76 1 27.51363298439521
1 77 33.60059523282288
77 1 33.60059523282288
1 78 46.04345773288535
78 1 46.04345773288535
1 79 13.45362404707371
79 1 13.45362404707371
1 80 41.19465984809196
80 1 41.19465984809196
1 81 89.05054744357274
81 1 89.05054744357274
1 82 59.135437767890075
82 1 59.135437767890075
1 83 102.34256201600583
83 1 102.34256201600583
1 84 93.03762679690406
84 1 93.03762679690406
1 85 64.28063471995279
85 1 64.28063471995279
1 86 13.038404810405298
86 1 13.038404810405298
1 87 72.09022125087424
87 1 72.09022125087424
1 88 15.264337522473747
88 1 15.264337522473747
1 89 85.70297544426332
89 1 85.70297544426332
1 90 42.20189569201838
90 1 42.20189569201838
1 91 60.37383539249432
91 1 60.37383539249432
1 92 40.496913462633174
92 1 40.496913462633174
1 93 35.510561809129406
93 1 35.510561809129406
1 94 22.090722034374522
94 1 22.090722034374522
1 95 59.07622195096772
95 1 59.07622195096772
1 96 74.88658090739622
96 1 74.88658090739622
1 97 67.89698078707183
97 1 67.89698078707183
1 98 28.442925306655784
98 1 28.442925306655784
1 99 66.37017402418047
99 1 66.37017402418047
1 100 3.605551275463989
100 1 3.605551275463989
2 3 10.63014581273465
3 2 10.63014581273465
2 4 75.0
4 2 75.0
2 5 17.204650534085253
5 2 17.204650534085253
2 6 32.89376840679705
6 2 32.89376840679705
2 7 29.832867780352597
7 2 29.832867780352597
2 8 35.34119409414458
8 2 35.34119409414458
2 9 17.46424919657298
9 2 17.46424919657298
2 10 49.76946855251722
10 2 49.76946855251722
2 11 50.28916384272063
11 2 50.28916384272063
2 12 32.89376840679705
12 2 32.89376840679705
2 13 24.698178070456937
13 2 24.698178070456937
2 14 73.05477397131553
14 2 73.05477397131553
2 15 9.486832980505138
15 2 9.486832980505138
2 16 67.89698078707183
16 2 67.89698078707183
2 17 45.27692569068709
17 2 45.27692569068709
2 18 39.92492955535426
18 2 39.92492955535426
2 19 32.55764119219941
19 2 32.55764119219941
2 20 75.7429864739964
20 2 75.7429864739964
2 21 45.5411901469428
21 2 45.5411901469428
2 22 84.72307831990054
22 2 84.72307831990054
2 23 25.495097567963924
23 2 25.495097567963924
2 24 26.076809620810597
24 2 26.076809620810597
2 25 26.248809496813376
25 2 26.248809496813376
2 26 33.1058907144937
26 2 33.1058907144937
2 27 75.58438992278762
27 2 75.58438992278762
2 28 39.11521443121589
28 2 39.11521443121589
2 29 48.76474136094644
29 2 48.76474136094644
2 30 28.0178514522438
30 2 28.0178514522438
2 31 79.51100552753688
31 2 79.51100552753688
2 32 84.72307831990054
32 2 84.72307831990054
2 33 29.698484809834994
33 2 29.698484809834994
2 34 22.47220505424423
34 2 22.47220505424423
2 35 29.206163733020468
35 2 29.206163733020468
2 36 44.68780594300866
36 2 44.68780594300866
2 37 7.810249675906654
37 2 7.810249675906654
2 38 18.027756377319946
38 2 18.027756377319946
2 39 18.867962264113206
39 2 18.867962264113206
2 40 17.26267650163207
40 2 17.26267650163207
2 41 85.86617494683223
41 2 85.86617494683223
2 42 38.63935817272331
42 2 38.63935817272331
2 43 80.1311425102625
43 2 80.1311425102625
2 44 64.03124237432849
44 2 64.03124237432849
2 45 55.31726674375732
45 2 55.31726674375732
2 46 35.22782990761707
46 2 35.22782990761707
2 47 55.90169943749474
47 2 55.90169943749474
2 48 87.23531395025755
48 2 87.23531395025755
2 49 50.00999900019995
49 2 50.00999900019995
2 50 44.721359549995796
50 2 44.721359549995796
2 51 78.77182237323191
51 2 78.77182237323191
2 52 60.29925372672534
52 2 60.29925372672534
2 53 29.120439557122072
53 2 29.120439557122072
2 54 85.14693182963201
54 2 85.14693182963201
2 55 31.622776601683793
55 2 31.622776601683793
2 56 48.25971404805462
56 2 48.25971404805462
2 57 36.05551275463989
57 2 36.05551275463989
2 58 19.0
58 2 19.0
2 59 36.345563690772494
59 2 36.345563690772494
2 60 49.8196748283246
60 2 49.8196748283246
2 61 9.899494936611665
61 2 9.899494936611665
2 62 41.30375285612676
62 2 41.30375285612676
2 63 34.828149534535996
63 2 34.828149534535996
2 64 72.42237223399962
64 2 72.42237223399962
2 65 67.11929677819934
65 2 67.11929677819934
2 66 37.013511046643494
66 2 37.013511046643494
2 67 40.8166632639171
67 2 40.8166632639171
2 68 24.839484696748443
68 2 24.839484696748443
2 69 63.655321851358195
69 2 63.655321851358195
2 70 26.627053911388696
70 2 26.627053911388696
2 71 23.40939982143925
71 2 23.40939982143925
2 72 26.40075756488817
72 2 26.40075756488817
2 73 44.77722635447622
73 2 44.77722635447622
2 74 84.43340571124678
74 2 84.43340571124678
2 75 93.15041599477696
75 2 93.15041599477696
2 76 49.9799959983992
76 2 49.9799959983992
2 77 49.47726750741192
77 2 49.47726750741192
2 78 26.92582403567252
78 2 26.92582403567252
2 79 21.633307652783937
79 2 21.633307652783937
2 80 20.396078054371138
80 2 20.396078054371138
2 81 71.58910531638176
81 2 71.58910531638176
2 82 53.75872022286245
82 2 53.75872022286245
2 83 85.0
83 2 85.0
2 84 78.33900688673555
84 2 78.33900688673555
2 85 57.97413216254298
85 2 57.97413216254298
2 86 35.34119409414458
86 2 35.34119409414458
2 87 49.658836071740545
87 2 49.658836071740545
2 88 37.57658845611187
88 2 37.57658845611187
2 89 73.33484846919642
89 2 73.33484846919642
2 90 26.30589287593181
90 2 26.30589287593181
2 91 46.389654018972806
91 2 46.389654018972806
2 92 30.805843601498726
92 2 30.805843601498726
2 93 22.090722034374522
93 2 22.090722034374522
2 94 10.04987562112089
94 2 10.04987562112089
2 95 54.08326913195984
95 2 54.08326913195984
2 96 57.9396237474839
96 2 57.9396237474839
2 97 67.11929677819934
97 2 67.11929677819934
2 98 32.802438933713454
98 2 32.802438933713454
2 99 44.40720662234904
99 2 44.40720662234904
2 100 24.73863375370596
100 2 24.73863375370596
3 4 77.89736837660179
4 3 77.89736837660179
3 5 19.313207915827967
5 3 19.313207915827967
3 6 42.485291572496
6 3 42.485291572496
3 7 31.38470965295043
7 3 31.38470965295043
3 8 33.97057550292606
8 3 33.97057550292606
3 9 24.331050121192877
9 3 24.331050121192877
3 10 59.481089431852205
10 3 59.481089431852205
3 11 60.166435825965294
11 3 60.166435825965294
3 12 42.485291572496
12 3 42.485291572496
3 13 28.442925306655784
13 3 28.442925306655784
3 14 78.85429601486528
14 3 78.85429601486528
3 15 11.180339887498949
15 3 11.180339887498949
3 16 78.49203781276162
16 3 78.49203781276162
3 17 53.600373133029585
17 3 53.600373133029585
3 18 44.553338819890925
18 3 44.553338819890925
3 19 34.48187929913333
19 3 34.48187929913333
3 20 86.37129152675674
20 3 86.37129152675674
3 21 52.009614495783374
21 3 52.009614495783374
3 22 95.1892851112981
22 3 95.1892851112981
3 23 15.0
23 3 15.0
3 24 34.36568055487916
24 3 34.36568055487916
3 25 18.0
25 3 18.0
3 26 31.827660925679098
26 3 31.827660925679098
3 27 85.44003745317531
27 3 85.44003745317531
3 28 33.83784863137726
28 3 33.83784863137726
3 29 53.45091205957107
29 3 53.45091205957107
3 30 32.28002478313795
30 3 32.28002478313795
3 31 87.02298546935747
31 3 87.02298546935747
3 32 95.1892851112981
32 3 95.1892851112981
3 33 32.202484376209235
33 3 32.202484376209235
3 34 32.2490309931942
34 3 32.2490309931942
3 35 39.698866482558415
35 3 39.698866482558415
3 36 45.803929962395145
36 3 45.803929962395145
3 37 14.142135623730951
37 3 14.142135623730951
3 38 24.08318915758459
38 3 24.08318915758459
3 39 9.219544457292887
39 3 9.219544457292887
3 40 26.92582403567252
40 3 26.92582403567252
3 41 96.17692030835673
41 3 96.17692030835673
3 42 48.08326112068523
42 3 48.08326112068523
3 43 84.30895563343196
43 3 84.30895563343196
3 44 70.57619995437555
44 3 70.57619995437555
3 45 65.94694837519019
45 3 65.94694837519019
3 46 35.608987629529715
46 3 35.608987629529715
3 47 65.86349520030045
47 3 65.86349520030045
3 48 97.49358953285082
48 3 97.49358953285082
3 49 57.42821606144492
49 3 57.42821606144492
3 50 54.70831746635972
50 3 54.70831746635972
3 51 82.29216244576394
51 3 82.29216244576394
3 52 69.2314957226839
52 3 69.2314957226839
3 53 39.0
53 3 39.0
3 54 88.54942122905152
54 3 88.54942122905152
3 55 41.6293165929973
55 3 41.6293165929973
3 56 57.271284253105414
56 3 57.271284253105414
3 57 45.617978911828175
57 3 45.617978911828175
3 58 14.422205101855956
58 3 14.422205101855956
3 59 29.154759474226502
59 3 29.154759474226502
3 60 56.00892785976178
60 3 56.00892785976178
3 61 1.0
61 3 1.0
3 62 49.040799340956916
62 3 49.040799340956916
3 63 45.34313619501854
63 3 45.34313619501854
3 64 82.28000972289685
64 3 82.28000972289685
3 65 77.6659513557904
65 3 77.6659513557904
3 66 45.39823785126467
66 3 45.39823785126467
3 67 45.221676218380054
67 3 45.221676218380054
3 68 35.4682957019364
68 3 35.4682957019364
3 69 65.45991139621256
69 3 65.45991139621256
3 70 37.20215047547655
70 3 37.20215047547655
3 71 33.54101966249684
71 3 33.54101966249684
3 72 37.013511046643494
72 3 37.013511046643494
3 73 54.589376255824725
73 3 54.589376255824725
3 74 94.33981132056604
74 3 94.33981132056604
3 75 103.58571330062848
75 3 103.58571330062848
3 76 54.74486277268398
76 3 54.74486277268398
3 77 58.52349955359813
77 3 58.52349955359813
3 78 18.110770276274835
78 3 18.110770276274835
3 79 21.470910553583888
79 3 21.470910553583888
3 80 13.601470508735444
80 3 13.601470508735444
3 81 76.53757247260981
81 3 76.53757247260981
3 82 63.694583757176716
82 3 63.694583757176716
3 83 89.81091247727082
83 3 89.81091247727082
3 84 84.8528137423857
84 3 84.8528137423857
3 85 67.67569726275453
85 3 67.67569726275453
3 86 39.6232255123179
86 3 39.6232255123179
3 87 47.80167361086848
87 3 47.80167361086848
3 88 41.773197148410844
88 3 41.773197148410844
3 89 81.0
89 3 81.0
3 90 34.132096331752024
90 3 34.132096331752024
3 91 54.00925846556311
91 3 54.00925846556311
3 92 40.496913462633174
92 3 40.496913462633174
3 93 31.32091952673165
93 3 31.32091952673165
3 94 6.324555320336759
94 3 6.324555320336759
3 95 64.07807737440318
95 3 64.07807737440318
3 96 63.56099432828282
96 3 63.56099432828282
3 97 77.52418977325722
97 3 77.52418977325722
3 98 43.278170016764804
98 3 43.278170016764804
3 99 44.68780594300866
99 3 44.68780594300866
3 100 31.064449134018133
100 3 31.064449134018133
4 5 58.83026432033091
5 4 58.83026432033091
4 6 90.4267659490264
6 4 90.4267659490264
4 7 46.52956049652737
7 4 46.52956049652737
4 8 46.84015371452148
8 4 46.84015371452148
4 9 89.10667763978185
9 4 89.10667763978185
4 10 99.80981915623332
10 4 99.80981915623332
4 11 61.18823416311342
11 4 61.18823416311342
4 12 90.4267659490264
12 4 90.4267659490264
4 13 98.41239759298622
13 4 98.41239759298622
4 14 22.847319317591726
14 4 22.847319317591726
4 15 67.4166151627327
15 4 67.4166151627327
4 16 94.89467845985885
16 4 94.89467845985885
4 17 105.47511554864494
17 4 105.47511554864494
4 18 111.12605455067681
18 4 111.12605455067681
4 19 43.41658669218482
19 4 43.41658669218482
4 20 96.08329719571451
20 4 96.08329719571451
4 21 112.2007130102122
21 4 112.2007130102122
4 22 88.95504482602435
22 4 88.95504482602435
4 23 81.27115109311545
23 4 81.27115109311545
4 24 54.817880294662984
24 4 54.817880294662984
4 25 70.8801805866774
25 4 70.8801805866774
4 26 48.38388161361178
26 4 48.38388161361178
4 27 69.05070600652827
27 4 69.05070600652827
4 28 57.3149195236284
28 4 57.3149195236284
4 29 27.80287754891569
29 4 27.80287754891569
4 30 47.01063709417264
30 4 47.01063709417264
4 31 40.70626487409524
31 4 40.70626487409524
4 32 88.95504482602435
32 4 88.95504482602435
4 33 45.79301256742124
33 4 45.79301256742124
4 34 84.02380615040002
34 4 84.02380615040002
4 35 79.92496481075234
35 4 79.92496481075234
4 36 32.89376840679705
36 4 32.89376840679705
4 37 67.20119046564577
37 4 67.20119046564577
4 38 90.55385138137417
38 4 90.55385138137417
4 39 75.76938695805846
39 4 75.76938695805846
4 40 64.4437739428721
40 4 64.4437739428721
4 41 84.72307831990054
41 4 84.72307831990054
4 42 56.462376853972415
42 4 56.462376853972415
4 43 11.661903789690601
43 4 11.661903789690601
4 44 29.068883707497267
44 4 29.068883707497267
4 45 82.97590011563598
45 4 82.97590011563598
4 46 43.08131845707603
46 4 43.08131845707603
4 47 101.24228365658294
47 4 101.24228365658294
4 48 84.17244204607586
48 4 84.17244204607586
4 49 112.89818421923357
49 4 112.89818421923357
4 50 93.94147114027967
50 4 93.94147114027967
4 51 6.324555320336759
51 4 6.324555320336759
4 52 51.0
52 4 51.0
4 53 61.91122676865643
53 4 61.91122676865643
4 54 11.180339887498949
54 4 11.180339887498949
4 55 62.64982043070834
55 4 62.64982043070834
4 56 51.419840528729765
56 4 51.419840528729765
4 57 92.43916918709297
57 4 92.43916918709297
4 58 65.39113089708727
58 4 65.39113089708727
4 59 65.62011886609167
59 4 65.62011886609167
4 60 116.60617479361889
60 4 116.60617479361889
4 61 77.02596964660685
61 4 77.02596964660685
4 62 44.28317965096906
62 4 44.28317965096906
4 63 81.41252974819048
63 4 81.41252974819048
4 64 67.60177512462228
64 4 67.60177512462228
4 65 82.09750300709517
65 4 82.09750300709517
4 66 49.64876634922564
66 4 49.64876634922564
4 67 34.655446902326915
67 4 34.655446902326915
4 68 73.49829930005184
68 4 73.49829930005184
4 69 14.035668847618199
69 4 14.035668847618199
4 70 71.02112361825881
70 4 71.02112361825881
4 71 65.21502894272147
71 4 65.21502894272147
4 72 72.40165743959182
72 4 72.40165743959182
4 73 95.70788891204319
73 4 95.70788891204319
4 74 74.72616676907762
74 4 74.72616676907762
4 75 93.39164844888434
75 4 93.39164844888434
4 76 119.97082978791136
76 4 119.97082978791136
4 77 104.65658125507444
77 4 104.65658125507444
4 78 72.80109889280519
78 4 72.80109889280519
4 79 96.60745312862771
79 4 96.60745312862771
4 80 68.70953354520753
80 4 68.70953354520753
4 81 15.811388300841896
81 4 15.811388300841896
4 82 62.64982043070834
82 4 62.64982043070834
4 83 19.235384061671343
83 4 19.235384061671343
4 84 30.528675044947494
84 4 30.528675044947494
4 85 60.13318551349163
85 4 60.13318551349163
4 86 107.48953437428223
86 4 107.48953437428223
4 87 39.0
87 4 39.0
4 88 109.62207806824317
88 4 109.62207806824317
4 89 40.162171256046406
89 4 40.162171256046406
4 90 53.2634959423431
90 4 53.2634959423431
4 91 41.43669871020132
91 4 41.43669871020132
4 92 60.03332407921454
92 4 60.03332407921454
4 93 60.440052945046304
93 4 60.440052945046304
4 94 82.68010643437755
94 4 82.68010643437755
4 95 63.63961030678928
95 4 63.63961030678928
4 96 24.73863375370596
96 4 24.73863375370596
4 97 77.00649323271382
97 4 77.00649323271382
4 98 81.49233092751734
98 4 81.49233092751734
4 99 35.17101079013795
99 4 35.17101079013795
4 100 95.4829827770373
100 4 95.4829827770373
5 6 45.0111097397076
6 5 45.0111097397076
5 7 12.727922061357855
7 5 12.727922061357855
5 8 18.681541692269406
8 5 18.681541692269406
5 9 34.0147027033899
9 5 34.0147027033899
5 10 60.67124524847005
10 5 60.67124524847005
5 11 47.80167361086848
11 5 47.80167361086848
5 12 45.0111097397076
12 5 45.0111097397076
5 13 41.88078318274385
13 5 41.88078318274385
5 14 59.841457201508724
14 5 59.841457201508724
5 15 8.602325267042627
15 5 8.602325267042627
5 16 73.06161783043132
16 5 73.06161783043132
5 17 59.21148537234985
17 5 59.21148537234985
5 18 56.79788728465171
18 5 56.79788728465171
5 19 15.620499351813308
19 5 15.620499351813308
5 20 79.63039620647382
20 5 79.63039620647382
5 21 61.40032573203501
21 5 61.40032573203501
5 22 84.95881355103778
22 5 84.95881355103778
5 23 27.459060435491963
23 5 27.459060435491963
5 24 20.0
24 5 20.0
5 25 21.095023109728988
25 5 21.095023109728988
5 26 16.492422502470642
26 5 16.492422502470642
5 27 72.20110802473879
27 5 72.20110802473879
5 28 25.96150997149434
28 5 25.96150997149434
5 29 34.20526275297414
29 5 34.20526275297414
5 30 13.152946437965905
30 5 13.152946437965905
5 31 69.18092222571191
31 5 69.18092222571191
5 32 84.95881355103778
32 5 84.95881355103778
5 33 13.038404810405298
33 5 13.038404810405298
5 34 35.05709628591621
34 5 35.05709628591621
5 35 37.8549864614954
35 5 37.8549864614954
5 36 27.586228448267445
36 5 27.586228448267445
5 37 9.848857801796104
37 5 9.848857801796104
5 38 34.88552708502482
38 5 34.88552708502482
5 39 20.09975124224178
39 5 20.09975124224178
5 40 18.384776310850235
40 5 18.384776310850235
5 41 84.81155581640984
41 5 84.81155581640984
5 42 35.0
42 5 35.0
5 43 65.0
43 5 65.0
5 44 52.03844732503075
44 5 52.03844732503075
5 45 59.36328831862332
45 5 59.36328831862332
5 46 18.027756377319946
46 5 18.027756377319946
5 47 65.73431371817918
47 5 65.73431371817918
5 48 85.80209787645055
48 5 85.80209787645055
5 49 64.93843238021688
49 5 64.93843238021688
5 50 54.91812087098393
50 5 54.91812087098393
5 51 63.06346010171025
51 5 63.06346010171025
5 52 53.85164807134504
52 5 53.85164807134504
5 53 28.42534080710379
53 5 28.42534080710379
5 54 69.35416353759881
54 5 69.35416353759881
5 55 31.240998703626616
55 5 31.240998703626616
5 56 42.485291572496
56 5 42.485291572496
5 57 48.041648597857254
57 5 48.041648597857254
5 58 11.180339887498949
58 5 11.180339887498949
5 59 26.627053911388696
59 5 26.627053911388696
5 60 65.80273550544841
60 5 65.80273550544841
5 61 18.384776310850235
61 5 18.384776310850235
5 62 32.28002478313795
62 5 32.28002478313795
5 63 42.720018726587654
63 5 42.720018726587654
5 64 69.1158447825099
64 5 69.1158447825099
5 65 68.6804193347711
65 5 68.6804193347711
5 66 29.966648127543394
66 5 29.966648127543394
5 67 25.96150997149434
67 5 25.96150997149434
5 68 31.32091952673165
68 5 31.32091952673165
5 69 46.861498055439924
69 5 46.861498055439924
5 70 31.38470965295043
70 5 31.38470965295043
5 71 25.059928172283335
71 5 25.059928172283335
5 72 31.953090617340916
72 5 31.953090617340916
5 73 55.57877292636101
73 5 55.57877292636101
5 74 81.12336284942828
74 5 81.12336284942828
5 75 92.9569792968769
75 5 92.9569792968769
5 76 66.70832032063167
76 5 66.70832032063167
5 77 62.03224967708329
77 5 62.03224967708329
5 78 22.825424421026653
78 5 22.825424421026653
5 79 38.2099463490856
79 5 38.2099463490856
5 80 15.231546211727817
80 5 15.231546211727817
5 81 57.28001396647874
81 5 57.28001396647874
5 82 51.40038910358559
82 5 51.40038910358559
5 83 70.51950084905593
83 5 70.51950084905593
5 84 66.18912297349165
84 5 66.18912297349165
5 85 54.378304497290095
85 5 54.378304497290095
5 86 52.354560450833695
86 5 52.354560450833695
5 87 32.89376840679705
87 5 32.89376840679705
5 88 54.589376255824725
88 5 54.589376255824725
5 89 63.387695966961914
89 5 63.387695966961914
5 90 18.867962264113206
90 5 18.867962264113206
5 91 36.87817782917155
91 5 36.87817782917155
5 92 29.0
92 5 29.0
5 93 20.0
93 5 20.0
5 94 23.853720883753127
94 5 23.853720883753127
5 95 52.009614495783374
95 5 52.009614495783374
5 96 44.553338819890925
96 5 44.553338819890925
5 97 67.20863039818622
97 5 67.20863039818622
5 98 41.23105625617661
98 5 41.23105625617661
5 99 27.202941017470888
99 5 27.202941017470888
5 100 41.23105625617661
100 5 41.23105625617661
6 7 54.589376255824725
7 6 54.589376255824725
6 8 63.12685640834652
8 6 63.12685640834652
6 9 20.518284528683193
9 6 20.518284528683193
6 10 17.0
10 6 17.0
6 11 40.311288741492746
11 6 40.311288741492746
6 12 0.0
12 6 0.0
6 13 26.0
13 6 26.0
6 14 79.93122043357026
14 6 79.93122043357026
6 15 40.792156108742276
15 6 40.792156108742276
6 16 40.24922359499622
16 6 40.24922359499622
6 17 15.231546211727817
17 6 15.231546211727817
6 18 26.68332812825267
18 6 26.68332812825267
6 19 56.089214649520635
19 6 56.089214649520635
6 20 49.24428900898052
20 6 49.24428900898052
6 21 22.80350850198276
21 6 22.80350850198276
6 22 63.150613615387776
22 6 63.150613615387776
6 23 57.30619512757761
23 6 57.30619512757761
6 24 36.24913792078372
24 6 36.24913792078372
6 25 59.135437767890075
25 6 59.135437767890075
6 26 61.07372593840988
26 6 61.07372593840988
6 27 61.5223536610881
27 6 61.5223536610881
6 28 70.45565981523414
28 6 70.45565981523414
6 29 62.76941930590086
29 6 62.76941930590086
6 30 48.507731342539614
30 6 48.507731342539614
6 31 78.89233169326408
31 6 78.89233169326408
6 32 63.150613615387776
32 6 63.150613615387776
6 33 52.952809179494906
33 6 52.952809179494906
6 34 10.44030650891055
34 6 10.44030650891055
6 35 10.63014581273465
35 6 10.63014581273465
6 36 67.446274915669
36 6 67.446274915669
6 37 36.345563690772494
37 6 36.345563690772494
6 38 22.02271554554524
38 6 22.02271554554524
6 39 51.478150704935004
39 6 51.478150704935004
6 40 28.635642126552707
40 6 28.635642126552707
6 41 66.37017402418047
41 6 66.37017402418047
6 42 36.124783736376884
42 6 36.124783736376884
6 43 91.54780172128658
43 6 91.54780172128658
6 44 69.35416353759881
44 6 69.35416353759881
6 45 31.400636936215164
45 6 31.400636936215164
6 46 60.67124524847005
46 6 60.67124524847005
6 47 23.600847442411894
47 6 23.600847442411894
6 48 68.26419266350405
48 6 68.26419266350405
6 49 22.47220505424423
49 6 22.47220505424423
6 50 12.727922061357855
50 6 12.727922061357855
6 51 92.20086767487604
51 6 92.20086767487604
6 52 55.00909015790027
52 6 55.00909015790027
6 53 28.600699292150182
53 6 28.600699292150182
6 54 98.40731680114035
54 6 98.40731680114035
6 55 28.319604517012593
55 6 28.319604517012593
6 56 45.221676218380054
56 6 45.221676218380054
6 57 3.1622776601683795
57 6 3.1622776601683795
6 58 51.19570294468082
58 6 51.19570294468082
6 59 68.8839603971781
59 6 68.8839603971781
6 60 26.90724809414742
60 6 26.90724809414742
6 61 42.04759208325728
61 6 42.04759208325728
6 62 46.861498055439924
62 6 46.861498055439924
6 63 11.704699910719626
63 6 11.704699910719626
6 64 58.69412236331676
64 6 58.69412236331676
6 65 45.39823785126467
65 6 45.39823785126467
6 66 41.23105625617661
66 6 41.23105625617661
6 67 57.271284253105414
67 6 57.271284253105414
6 68 17.0
68 6 17.0
6 69 82.76472678623425
69 6 82.76472678623425
6 70 19.4164878389476
70 6 19.4164878389476
6 71 25.495097567963924
71 6 25.495097567963924
6 72 18.027756377319946
72 6 18.027756377319946
6 73 12.206555615733702
73 6 12.206555615733702
6 74 69.1158447825099
74 6 69.1158447825099
6 75 71.58910531638176
75 6 71.58910531638176
6 76 32.2490309931942
76 6 32.2490309931942
6 77 17.029386365926403
77 6 17.029386365926403
6 78 59.80802621722272
78 6 59.80802621722272
6 79 34.66987164671943
79 6 34.66987164671943
6 80 53.16013544000805
80 6 53.16013544000805
6 81 81.46778504415104
81 6 81.46778504415104
6 82 42.37924020083418
82 6 42.37924020083418
6 83 94.04786015641186
83 6 94.04786015641186
6 84 82.00609733428362
84 6 82.00609733428362
6 85 47.75981574503821
85 6 47.75981574503821
6 86 26.019223662515376
86 6 26.019223662515376
6 87 76.6550715869472
87 6 76.6550715869472
6 88 27.16615541441225
88 6 27.16615541441225
6 89 72.71863585079137
89 6 72.71863585079137
6 90 38.07886552931954
90 6 38.07886552931954
6 91 50.93132631298737
91 6 50.93132631298737
6 92 30.610455730027933
92 6 30.610455730027933
6 93 31.016124838541646
93 6 31.016124838541646
6 94 38.27531841800928
94 6 38.27531841800928
6 95 42.05948168962618
95 6 42.05948168962618
6 96 67.47592163134935
96 6 67.47592163134935
6 97 48.010415536631214
97 6 48.010415536631214
6 98 10.295630140987
98 6 10.295630140987
6 99 68.65857557508748
99 6 68.65857557508748
6 100 18.384776310850235
100 6 18.384776310850235
7 8 9.848857801796104
8 7 9.848857801796104
7 9 46.14108798023731
9 7 46.14108798023731
7 10 69.0
10 7 69.0
7 11 47.80167361086848
11 7 47.80167361086848
7 12 54.589376255824725
12 7 54.589376255824725
7 13 54.405882034941776
13 7 54.405882034941776
7 14 50.00999900019995
14 7 50.00999900019995
7 15 21.2602916254693
15 7 21.2602916254693
7 16 77.25283166331187
16 7 77.25283166331187
7 17 69.42621983083913
17 7 69.42621983083913
7 18 68.96375859826666
18 7 68.96375859826666
7 19 3.1622776601683795
19 7 3.1622776601683795
7 20 82.73451516749222
20 7 82.73451516749222
7 21 72.80109889280519
21 7 72.80109889280519
7 22 85.27602242131137
22 7 85.27602242131137
7 23 36.22154055254967
23 7 36.22154055254967
7 24 22.135943621178654
24 7 22.135943621178654
7 25 27.073972741361768
25 7 27.073972741361768
7 26 8.602325267042627
26 7 8.602325267042627
7 27 70.178344238091
27 7 70.178344238091
7 28 22.627416997969522
28 7 22.627416997969522
7 29 24.0
29 7 24.0
7 30 8.06225774829855
30 7 8.06225774829855
7 31 61.61168720299745
31 7 61.61168720299745
7 32 85.27602242131137
32 7 85.27602242131137
7 33 2.8284271247461903
33 7 2.8284271247461903
7 34 45.35416188179427
34 7 45.35416188179427
7 35 46.010868281309364
35 7 46.010868281309364
7 36 14.866068747318506
36 7 14.866068747318506
7 37 22.20360331117452
37 7 22.20360331117452
7 38 47.16990566028302
38 7 47.16990566028302
7 39 29.832867780352597
39 7 29.832867780352597
7 40 26.076809620810597
40 7 26.076809620810597
7 41 84.17244204607586
41 7 84.17244204607586
7 42 35.510561809129406
42 7 35.510561809129406
7 43 53.45091205957107
43 7 53.45091205957107
7 44 43.56604182158393
44 7 43.56604182158393
7 45 63.324560795950255
45 7 63.324560795950255
7 46 6.082762530298219
46 7 6.082762530298219
7 47 73.24616030891995
47 7 73.24616030891995
7 48 84.8528137423857
48 7 84.8528137423857
7 49 75.69015788066504
49 7 75.69015788066504
7 50 63.00793600809346
50 7 63.00793600809346
7 51 51.07837115648854
51 7 51.07837115648854
7 52 50.21951811795888
52 7 50.21951811795888
7 53 32.28002478313795
53 7 32.28002478313795
7 54 57.271284253105414
54 7 57.271284253105414
7 55 34.785054261852174
55 7 34.785054261852174
7 56 40.311288741492746
56 7 40.311288741492746
7 57 57.42821606144492
57 7 57.42821606144492
7 58 19.4164878389476
58 7 19.4164878389476
7 59 27.294688127912362
59 7 27.294688127912362
7 60 77.25283166331187
60 7 77.25283166331187
7 61 30.528675044947494
61 7 30.528675044947494
7 62 28.42534080710379
62 7 28.42534080710379
7 63 50.08991914547278
63 7 50.08991914547278
7 64 67.26812023536856
64 7 67.26812023536856
7 65 70.49113419430843
65 7 70.49113419430843
7 66 28.42534080710379
66 7 28.42534080710379
7 67 16.1245154965971
67 7 16.1245154965971
7 68 39.0
68 7 39.0
7 69 34.20526275297414
69 7 34.20526275297414
7 70 38.118237105091836
70 7 38.118237105091836
7 71 31.144823004794873
71 7 31.144823004794873
7 72 39.05124837953327
72 7 39.05124837953327
7 73 64.00781202322104
73 7 64.00781202322104
7 74 78.87331614684399
74 7 78.87331614684399
7 75 92.76313923105448
75 7 92.76313923105448
7 76 78.71467461661771
76 7 78.71467461661771
7 77 71.34423592694787
77 7 71.34423592694787
7 78 29.068883707497267
78 7 29.068883707497267
7 79 50.93132631298737
79 7 50.93132631298737
7 80 23.194827009486403
80 7 23.194827009486403
7 81 46.52956049652737
81 7 46.52956049652737
7 82 51.22499389946279
82 7 51.22499389946279
7 83 59.43904440685432
83 7 59.43904440685432
7 84 57.14017850864661
84 7 57.14017850864661
7 85 53.03772242470448
85 7 53.03772242470448
7 86 64.66065264130884
86 7 64.66065264130884
7 87 22.090722034374522
87 7 22.090722034374522
7 88 66.88796603276258
88 7 66.88796603276258
7 89 56.32051136131489
89 7 56.32051136131489
7 90 20.248456731316587
90 7 20.248456731316587
7 91 31.906112267087632
91 7 31.906112267087632
7 92 31.953090617340916
92 7 31.953090617340916
7 93 25.179356624028344
93 7 25.179356624028344
7 94 36.40054944640259
94 7 36.40054944640259
7 95 52.009614495783374
95 7 52.009614495783374
7 96 35.05709628591621
96 7 35.05709628591621
7 97 68.00735254367721
97 7 68.00735254367721
7 98 49.01020301937138
98 7 49.01020301937138
7 99 14.7648230602334
99 7 14.7648230602334
7 100 53.23532661682466
100 7 53.23532661682466
8 9 52.55473337388365
9 8 52.55473337388365
8 10 78.10249675906654
10 8 78.10249675906654
8 11 57.42821606144492
11 8 57.42821606144492
8 12 63.12685640834652
12 8 63.12685640834652
8 13 59.941638282582836
13 8 59.941638282582836
8 14 54.589376255824725
14 8 54.589376255824725
8 15 25.942243542145693
15 8 25.942243542145693
8 16 87.09190547921202
16 8 87.09190547921202
8 17 77.64663547121665
17 8 77.64663547121665
8 18 75.23961722390672
18 8 75.23961722390672
8 19 10.63014581273465
19 8 10.63014581273465
8 20 92.57429448826494
20 8 92.57429448826494
8 21 80.0812087820857
21 8 80.0812087820857
8 22 94.81033698917012
22 8 94.81033698917012
8 23 34.539832078341085
23 8 34.539832078341085
8 24 31.953090617340916
24 8 31.953090617340916
8 25 24.041630560342615
25 8 24.041630560342615
8 26 2.23606797749979
26 8 2.23606797749979
8 27 79.20858539325141
27 8 79.20858539325141
8 28 13.892443989449804
28 8 13.892443989449804
8 29 29.410882339705484
29 8 29.410882339705484
8 30 17.88854381999832
30 8 17.88854381999832
8 31 68.00735254367721
31 8 68.00735254367721
8 32 94.81033698917012
32 8 94.81033698917012
8 33 12.529964086141668
33 8 12.529964086141668
8 34 53.46026561849464
34 8 53.46026561849464
8 35 55.08175741568164
35 8 55.08175741568164
8 36 14.142135623730951
36 8 14.142135623730951
8 37 28.460498941515414
37 8 28.460498941515414
8 38 53.31041174104736
38 8 53.31041174104736
8 39 29.68164415931166
39 8 29.68164415931166
8 40 35.05709628591621
40 8 35.05709628591621
8 41 93.50935782048768
41 8 93.50935782048768
8 42 45.27692569068709
42 8 45.27692569068709
8 43 55.44366510251645
43 8 55.44366510251645
8 44 49.64876634922564
44 8 49.64876634922564
8 45 73.16419889536138
45 8 73.16419889536138
8 46 5.830951894845301
46 8 5.830951894845301
8 47 82.60750571225353
47 8 82.60750571225353
8 48 94.11163583744573
48 8 94.11163583744573
8 49 83.54639429682169
49 8 83.54639429682169
8 50 72.17340230306452
50 8 72.17340230306452
8 51 52.172789842982326
51 8 52.172789842982326
8 52 58.89821729050889
52 8 58.89821729050889
8 53 42.05948168962618
53 8 42.05948168962618
8 54 57.97413216254298
54 8 57.97413216254298
8 55 44.598206241955516
55 8 44.598206241955516
8 56 49.57822102496216
56 8 49.57822102496216
8 57 66.06814663663572
57 8 66.06814663663572
8 58 19.849433241279208
58 8 19.849433241279208
8 59 20.396078054371138
59 8 20.396078054371138
8 60 84.48076704197234
60 8 84.48076704197234
8 61 33.301651610693426
61 8 33.301651610693426
8 62 37.48332962798263
62 8 37.48332962798263
8 63 59.413803110051795
63 8 59.413803110051795
8 64 76.36753236814714
64 8 76.36753236814714
8 65 80.26207074328447
65 8 80.26207074328447
8 66 38.01315561749642
66 8 38.01315561749642
8 67 22.825424421026653
67 8 22.825424421026653
8 68 48.16637831516918
68 8 48.16637831516918
8 69 33.24154027718932
69 8 33.24154027718932
8 70 47.51841748206689
70 8 47.51841748206689
8 71 40.607881008493905
71 8 40.607881008493905
8 72 48.373546489791295
72 8 48.373546489791295
8 73 73.06161783043132
73 8 73.06161783043132
8 74 87.78382538941898
74 8 87.78382538941898
8 75 102.17631819555841
75 8 102.17631819555841
8 76 85.23496934944014
76 8 85.23496934944014
8 77 80.05623023850174
77 8 80.05623023850174
8 78 25.96150997149434
78 8 25.96150997149434
8 79 55.0
79 8 55.0
8 80 22.47220505424423
80 8 22.47220505424423
8 81 50.039984012787215
81 8 50.039984012787215
8 82 60.802960454241045
82 8 60.802960454241045
8 83 62.12889826803627
83 8 62.12889826803627
8 84 62.369864518050704
84 8 62.369864518050704
8 85 62.369864518050704
85 8 62.369864518050704
8 86 70.68238818828917
86 8 70.68238818828917
8 87 14.317821063276353
87 8 14.317821063276353
8 88 72.91776189653656
88 8 72.91776189653656
8 89 63.15853069855251
89 8 63.15853069855251
8 90 30.083217912982647
90 8 30.083217912982647
8 91 40.45985664828782
91 8 40.45985664828782
8 92 41.78516483155236
92 8 41.78516483155236
8 93 34.713109915419565
93 8 34.713109915419565
8 94 39.824615503479755
94 8 39.824615503479755
8 95 61.61168720299745
95 8 61.61168720299745
8 96 40.52159917870962
96 8 40.52159917870962
8 97 77.6659513557904
97 8 77.6659513557904
8 98 58.215118311311535
98 8 58.215118311311535
8 99 11.704699910719626
99 8 11.704699910719626
8 100 59.80802621722272
100 8 59.80802621722272
9 10 37.013511046643494
10 9 37.013511046643494
9 11 52.03844732503075
11 9 52.03844732503075
9 12 20.518284528683193
12 9 20.518284528683193
9 13 9.848857801796104
13 9 9.848857801796104
9 14 83.72574275573791
14 9 83.72574275573791
9 15 26.92582403567252
15 9 26.92582403567252
9 16 60.207972893961475
16 9 60.207972893961475
9 17 29.410882339705484
17 9 29.410882339705484
9 18 22.825424421026653
18 9 22.825424421026653
9 19 48.54894437575342
19 9 48.54894437575342
9 20 68.96375859826666
20 9 68.96375859826666
9 21 28.160255680657446
21 9 28.160255680657446
9 22 81.27115109311545
22 9 81.27115109311545
9 23 38.27531841800928
23 9 38.27531841800928
9 24 35.510561809129406
24 9 35.510561809129406
9 25 42.190046219457976
25 9 42.190046219457976
9 26 50.32891812864648
26 9 50.32891812864648
9 27 76.23647421018367
27 9 76.23647421018367
9 28 56.43580423808985
28 9 56.43580423808985
9 29 61.71709649683789
29 9 61.71709649683789
9 30 42.638011210655684
30 9 42.638011210655684
9 31 86.97700845625813
31 9 86.97700845625813
9 32 81.27115109311545
32 9 81.27115109311545
9 33 45.48626166217664
33 9 45.48626166217664
9 34 12.649110640673518
34 9 12.649110640673518
9 35 22.80350850198276
35 9 22.80350850198276
9 36 60.74537019394976
36 9 60.74537019394976
9 37 24.166091947189145
37 9 24.166091947189145
9 38 2.0
38 9 2.0
9 39 33.54101966249684
39 9 33.54101966249684
9 40 25.238858928247925
40 9 25.238858928247925
9 41 83.67795408588812
41 9 83.67795408588812
9 42 43.174066289845804
42 9 43.174066289845804
9 43 92.80086206496145
43 9 92.80086206496145
9 44 73.79024325749306
44 9 73.79024325749306
9 45 49.76946855251722
45 9 49.76946855251722
9 46 51.884487084291386
46 9 51.884487084291386
9 47 43.93176527297759
47 9 43.93176527297759
9 48 85.37564055396598
48 9 85.37564055396598
9 49 33.13608305156178
49 9 33.13608305156178
9 50 33.24154027718932
50 9 33.24154027718932
9 51 92.19544457292888
51 9 92.19544457292888
9 52 64.93843238021688
52 9 64.93843238021688
9 53 33.24154027718932
53 9 33.24154027718932
9 54 98.59513172565875
54 9 98.59513172565875
9 55 34.713109915419565
55 9 34.713109915419565
9 56 53.36665625650534
56 9 53.36665625650534
9 57 23.345235059857504
57 9 23.345235059857504
9 58 36.22154055254967
58 9 36.22154055254967
9 59 53.009433122794285
59 9 53.009433122794285
9 60 32.38826948140329
60 9 32.38826948140329
9 61 24.186773244895647
61 9 24.186773244895647
9 62 50.08991914547278
62 9 50.08991914547278
9 63 27.85677655436824
63 9 27.85677655436824
9 64 73.17103251970687
64 9 73.17103251970687
9 65 63.245553203367585
65 9 63.245553203367585
9 66 44.77722635447622
66 9 44.77722635447622
9 67 54.45181356024793
67 9 54.45181356024793
9 68 23.021728866442675
68 9 23.021728866442675
9 69 78.87331614684399
69 9 78.87331614684399
9 70 26.076809620810597
70 9 26.076809620810597
9 71 27.51363298439521
71 9 27.51363298439521
9 72 25.019992006393608
72 9 25.019992006393608
9 73 32.55764119219941
73 9 32.55764119219941
9 74 84.5931439302264
74 9 84.5931439302264
9 75 89.81091247727082
75 9 89.81091247727082
9 76 32.69556544854363
76 9 32.69556544854363
9 77 34.88552708502482
77 9 34.88552708502482
9 78 42.42640687119285
78 9 42.42640687119285
9 79 14.866068747318506
79 9 14.866068747318506
9 80 37.0
80 9 37.0
9 81 83.48652585896721
81 9 83.48652585896721
9 82 55.0
82 9 55.0
9 83 96.79876032264049
83 9 96.79876032264049
9 84 87.72684879784524
84 9 87.72684879784524
9 85 60.03332407921454
85 9 60.03332407921454
9 86 18.601075237738275
86 9 18.601075237738275
9 87 66.85057965343307
87 9 66.85057965343307
9 88 20.808652046684813
88 9 20.808652046684813
9 89 80.65358020571685
89 9 80.65358020571685
9 90 36.61966684720111
90 9 36.61966684720111
9 91 55.036351623268054
91 9 55.036351623268054
9 92 35.4400902933387
92 9 35.4400902933387
9 93 30.01666203960727
93 9 30.01666203960727
9 94 18.973665961010276
94 9 18.973665961010276
9 95 55.00909015790027
95 9 55.00909015790027
9 96 69.33974329343886
96 9 69.33974329343886
9 97 64.76109943476871
97 9 64.76109943476871
9 98 25.632011235952593
98 9 25.632011235952593
9 99 60.90155991434045
99 9 60.90155991434045
9 100 7.280109889280518
100 9 7.280109889280518
10 11 42.44997055358225
11 10 42.44997055358225
10 12 17.0
12 10 17.0
10 13 40.607881008493905
13 10 40.607881008493905
10 14 86.02325267042627
14 10 86.02325267042627
10 15 57.28001396647874
15 10 57.28001396647874
10 16 28.160255680657446
16 10 28.160255680657446
10 17 14.035668847618199
17 10 14.035668847618199
10 18 35.17101079013795
18 10 35.17101079013795
10 19 70.06425622241343
19 10 70.06425622241343
10 20 37.33630940518894
20 10 37.33630940518894
10 21 26.019223662515376
21 10 26.019223662515376
10 22 54.08326913195984
22 10 54.08326913195984
10 23 74.30343195303969
23 10 74.30343195303969
10 24 48.507731342539614
24 10 48.507731342539614
10 25 75.96051605933177
25 10 75.96051605933177
10 26 76.16429609731846
26 10 76.16429609731846
10 27 57.77542730261716
27 10 57.77542730261716
10 28 86.49277426467485
28 10 86.49277426467485
10 29 73.05477397131553
29 10 73.05477397131553
10 30 62.12889826803627
30 10 62.12889826803627
10 31 81.39410298049853
31 10 81.39410298049853
10 32 54.08326913195984
32 10 54.08326913195984
10 33 67.02984409947557
33 10 67.02984409947557
10 34 27.313000567495326
34 10 27.313000567495326
